0 628
1 1097
1 2933
1 486
1 158
1 2919
2 3285
3 3219
3 1431
4 467
5 648
6 1501
7 1833
7 2137
8 1033
8 178
9 1007
10 2622
10 1670
11 2034
12 1760
12 677
12 966
12 839
12 1097
12 2474
12 557
12 1357
12 113
12 1622
12 2487
12 794
13 1871
13 2711
13 1493
13 1894
13 1167
14 1248
14 146
15 2521
16 1605
16 2417
16 616
16 1708
16 2597
16 622
16 2415
16 2416
16 1422
16 2418
16 1013
16 2166
16 314
16 1567
17 2150
17 879
18 778
18 812
18 582
19 1338
19 1451
19 3308
20 3080
21 1073
22 3251
22 2140
22 726
23 1942
24 1227
24 2027
25 2057
25 2331
26 2729
26 222
27 2782
27 755
27 1012
27 229
27 1943
27 1290
27 2023
27 2282
27 1422
27 2021
28 2315
28 1447
28 2312
28 2313
28 1578
28 2059
28 2316
28 28
28 1678
28 1912
28 135
28 2314
29 2838
29 1422
30 532
30 1422
31 136
31 1625
31 1131
31 1759
32 3009
32 118
33 824
33 3193
33 3197
33 1822
33 3326
34 75
35 89
36 763
37 1745
38 2388
38 2228
39 2466
39 1412
40 2625
40 631
41 1059
41 3309
41 606
42 2655
43 1096
43 1731
43 1429
43 1238
43 887
43 136
43 1625
43 2632
43 2633
43 1759
44 1227
44 1845
45 939
46 3237
47 1388
47 1098
47 3131
47 820
47 3130
48 2185
49 2994
49 2228
49 1253
49 1510
49 2455
49 2341
50 2528
50 2529
51 2525
51 453
51 1607
51 1034
51 2828
51 493
51 1422
51 1214
52 1617
52 274
53 61
54 728
54 2378
54 1903
55 186
55 2324
55 2119
56 2609
56 1027
57 2570
57 487
58 1416
58 740
58 284
58 742
58 2009
59 962
59 931
59 1422
59 968
59 1290
59 2826
59 1214
60 2992
60 793
60 916
61 2113
61 1443
61 1734
61 1514
61 2063
62 1620
63 1053
64 1431
65 1944
66 3144
66 2342
66 1062
67 1960
68 2411
69 1178
69 2370
69 157
70 3009
70 1474
70 2899
70 2245
70 808
70 2557
70 2335
71 328
71 660
72 1896
73 832
73 497
73 1779
74 2365
75 1697
75 1300
75 1879
76 2530
76 2644
76 1861
76 1132
76 2955
76 2428
77 1222
78 2043
78 2492
78 2366
78 1687
79 2089
79 298
80 2316
80 3029
80 359
81 2976
81 558
81 1527
81 1145
81 2414
81 591
82 2271
83 3299
83 3046
83 1383
83 584
83 1225
83 3018
83 1932
83 654
83 2673
83 1842
83 1077
83 3318
83 649
83 923
83 540
83 3017
84 653
84 582
85 2893
86 1488
86 1857
87 1710
87 2215
88 3156
90 3277
90 118
91 1992
92 2189
92 582
93 2939
94 1192
94 2793
95 928
95 822
95 3274
95 2636
95 2269
95 110
96 1322
96 339
96 132
96 119
97 1201
97 2572
97 902
98 353
98 386
98 2174
98 1078
98 936
98 2297
98 2510
98 2284
98 1406
98 2511
99 2571
99 157
99 1015
100 1026
100 100
100 2158
101 3161
101 2855
101 825
101 1434
101 1340
101 1325
101 3087
102 1016
102 1748
102 2198
102 1639
103 2130
104 1768
104 1964
105 976
106 2776
106 2643
106 155
106 2189
106 1366
107 3193
108 1833
108 2137
109 2659
109 2658
109 1819
109 1454
110 1704
110 472
110 3274
110 541
110 1551
111 251
112 1249
113 1875
113 1533
113 150
114 1538
114 2677
114 1686
114 553
114 2074
114 1419
115 880
115 2122
116 3310
117 367
118 3133
119 132
119 1829
119 3133
120 337
120 1650
121 3137
121 1911
122 827
122 2421
123 1992
124 1811
124 124
125 831
126 204
127 143
128 1041
129 1240
130 1004
130 582
131 3324
131 2622
131 935
132 1329
132 1322
132 779
132 3134
133 1631
134 874
135 2080
135 1566
136 2520
136 2315
136 1940
136 2598
136 1702
136 2519
136 1561
136 2507
136 1759
137 1034
137 755
137 2782
137 1422
138 1736
138 2196
138 2488
138 468
138 2487
138 680
138 1097
138 1131
138 1853
139 602
139 958
140 1713
141 1036
142 1200
142 1002
142 2059
142 2734
142 1455
144 1130
144 1429
144 2110
144 847
145 3121
146 1248
147 2625
147 2626
147 2404
147 2405
147 1350
147 2264
147 1439
147 1647
148 2228
148 1770
148 2068
149 364
150 1760
150 677
150 966
150 2487
150 1097
150 2474
150 1622
150 557
150 1357
151 1736
151 2217
151 930
151 2299
152 2546
152 1666
152 1429
153 744
153 755
153 396
153 2925
154 1112
154 1625
154 450
154 1131
154 1668
155 2643
155 2776
155 155
155 922
156 3084
156 1334
156 942
156 1677
157 1178
157 2507
158 2919
158 1097
159 465
160 1616
160 2716
160 934
160 926
160 2133
161 2003
161 3070
161 2735
162 1070
163 3182
164 2409
165 944
165 1994
165 2804
166 667
167 1904
167 2909
168 3193
169 929
169 247
170 881
170 491
170 2228
170 1755
170 2583
170 2571
170 2803
171 425
172 2320
172 2322
172 1557
173 519
174 1289
175 2941
176 2750
176 2679
177 2442
177 1971
177 2687
178 1033
179 2696
179 2436
179 1298
179 1860
180 2639
180 661
180 2638
180 351
181 1422
181 1262
182 2262
183 2946
184 1825
185 3278
186 2883
186 2507
187 199
188 2619
189 1802
189 2076
189 2434
190 3184
190 3107
190 325
191 2169
191 1927
192 192
193 572
194 1522
194 2900
194 1620
194 2218
194 3051
194 3052
194 397
195 1823
195 1407
196 2508
197 715
197 755
198 2001
198 1453
198 2327
200 2842
200 2843
201 1701
202 1594
203 3009
203 2899
203 1094
204 1434
204 3087
205 3265
205 3076
205 854
205 2296
205 212
205 3134
205 783
206 772
207 270
208 2433
208 2706
208 404
208 997
208 438
208 2705
208 218
208 2703
208 2966
208 1534
208 1718
209 1991
210 3183
211 1896
211 1444
212 3265
212 2835
212 3076
212 2836
212 783
213 528
213 2097
213 3073
214 2928
214 2485
214 2773
215 582
216 2615
216 1655
216 695
217 2867
217 1603
217 1319
218 2433
218 1718
218 1896
218 1482
218 2703
219 3093
219 2254
220 2782
220 755
220 1214
220 968
220 1034
220 2475
220 1422
221 1097
222 1392
222 2857
222 567
222 2729
222 2634
223 223
224 1622
225 1528
225 1066
225 3203
225 3204
225 741
226 2713
226 1907
227 2619
227 1809
227 843
227 3249
228 1233
228 1531
228 3012
228 411
228 300
228 2815
229 2782
229 2785
229 307
229 2023
229 887
229 2282
229 492
229 1230
229 895
230 1968
230 2979
230 356
231 875
232 252
232 333
233 2079
234 2993
234 582
234 2391
235 256
236 618
236 1582
237 585
237 1731
237 2564
237 2398
238 735
239 1321
239 3230
239 767
240 2942
241 936
241 603
241 2174
241 1414
241 2861
242 2032
242 2196
242 1736
242 2299
242 796
242 1582
243 931
243 1812
244 906
245 3204
245 1066
245 3203
245 3124
245 3189
246 2782
246 1422
247 2848
247 1265
247 2643
247 2613
247 1217
247 2088
247 2063
248 297
248 1669
249 906
250 825
250 2083
253 1992
253 2579
253 843
254 1543
254 1772
254 266
254 1687
254 2732
254 2733
254 2222
254 3249
254 2067
254 2551
254 2619
254 1822
255 2277
257 720
257 2970
258 962
259 2978
259 1637
260 2749
261 288
262 1597
263 737
263 2422
263 525
263 886
263 2655
264 1267
265 1536
265 2452
265 2220
266 672
266 1809
266 3298
266 2067
266 1156
266 3249
266 2619
267 1259
267 749
268 3242
268 3324
268 2622
268 1942
269 3234
269 3235
269 3236
269 1782
269 3228
269 1903
271 1266
272 450
272 2765
273 416
273 768
273 468
273 2217
273 1417
275 1297
275 710
276 276
277 3238
278 2469
278 2015
279 688
279 1928
279 2326
279 279
280 1296
280 1563
281 646
282 1163
282 2348
283 3252
283 1596
284 2009
284 284
285 1418
285 1967
286 2401
286 1466
286 1835
286 2674
287 1011
288 1361
289 1422
289 1943
290 2701
291 873
292 594
292 1843
292 2141
292 2854
293 1585
293 1874
294 540
294 3046
295 3061
296 2853
297 513
297 1669
298 468
299 1057
299 1134
300 1410
300 1531
300 2763
300 2815
301 1204
302 962
302 2651
302 302
302 1943
303 2116
303 1190
303 1480
303 937
303 493
303 2254
303 719
303 3186
303 3093
303 1422
303 2585
303 1343
304 2025
304 1620
304 637
305 2929
306 1368
307 1230
307 2676
307 2782
307 2398
307 2230
307 1943
307 585
307 1290
307 1918
308 2930
308 3221
309 1680
310 2936
310 2937
310 1878
311 2803
311 413
311 1253
312 2644
313 2984
313 964
314 912
314 2596
314 1605
314 1708
314 2597
314 1422
314 2637
314 373
314 2166
314 1943
314 622
314 1567
315 1124
316 777
316 2931
316 2932
317 411
318 717
319 1536
319 2220
319 2646
320 2962
321 3083
321 2227
322 1879
323 697
324 3116
325 3184
326 984
326 3085
327 1382
328 660
329 1889
329 2618
329 2517
330 3184
330 3206
331 1083
331 2948
331 1709
331 1278
332 2921
332 2259
333 777
334 1692
335 1088
335 723
336 1600
336 561
336 2580
336 2581
336 876
336 3002
336 1180
337 1650
338 2642
338 1227
339 472
339 2789
340 1050
340 2597
341 1869
342 3296
342 678
343 1773
344 3289
344 2238
345 1452
346 1663
347 1202
347 2633
347 2073
347 1853
347 1758
347 2527
348 1991
348 399
349 2760
350 2399
351 1112
351 661
351 2638
351 2639
352 1728
352 3293
353 2434
354 3006
355 1121
356 3156
357 1948
357 2350
357 2351
358 358
359 3029
360 477
361 2185
361 2650
361 2444
361 1918
361 2649
362 2339
362 2340
363 800
364 1991
364 399
365 1150
365 630
366 2061
368 1199
369 580
370 2499
370 2157
371 1746
371 3071
371 1369
371 1423
371 1981
371 2463
372 3193
373 912
373 2416
373 373
373 2925
373 616
373 1708
373 1117
373 2490
373 1605
374 2368
374 1411
374 3286
374 2790
375 1793
376 2300
377 715
377 2405
378 3272
378 2767
379 2189
379 582
380 2155
380 3188
381 1457
381 2955
382 696
383 1033
383 989
384 1930
385 1700
387 2808
388 2254
389 2989
389 2111
390 2105
390 2103
390 1916
390 871
391 2995
392 2316
393 566
394 2594
394 2711
394 1879
395 2622
395 2519
396 2217
396 930
396 468
396 2519
396 2887
397 1522
398 1843
398 1251
399 957
400 400
400 862
401 2739
402 603
402 2861
402 1414
403 3185
404 2705
404 2706
404 2966
404 1718
404 1896
404 1534
404 2703
405 3274
405 2179
405 1660
405 582
406 1296
407 1364
408 637
409 2584
409 1529
409 1341
410 1808
410 3106
411 1410
411 1335
411 1033
411 2815
412 2440
412 3257
413 2720
413 1812
413 805
413 2204
413 2718
413 2719
414 1128
414 1625
414 1666
414 2429
414 2565
415 2533
416 2645
416 1758
417 915
417 1335
418 1207
419 1004
419 476
420 1933
421 1162
421 2275
421 2631
421 1135
422 2867
422 2237
423 1756
424 3163
426 2129
427 840
427 1560
427 2114
427 2477
427 1705
428 2625
428 2626
428 2404
428 773
428 2405
428 2264
428 1439
428 1647
429 2028
429 2154
429 1620
429 541
430 2844
430 1684
431 2352
431 1268
431 869
431 1174
432 2983
433 2829
434 2361
434 2362
434 549
434 1655
435 1875
435 1019
435 1996
436 2317
437 2922
438 2705
438 2706
438 2966
438 1718
438 1896
438 2703
439 3128
439 2011
440 3047
441 2812
441 2501
441 1782
442 2911
443 857
443 1828
443 2406
444 1301
444 2655
445 2891
445 509
446 2388
447 1184
447 3286
448 888
448 1090
449 1543
450 2299
450 2507
450 2519
450 1020
450 2295
450 1965
450 882
450 2196
450 1561
450 1817
450 1915
450 1532
450 542
451 2736
451 1630
452 2214
453 2782
453 2784
453 2786
453 835
453 2053
453 1219
453 807
453 1034
453 2475
453 1644
453 941
453 1422
453 1009
453 2667
453 2254
453 887
453 1214
453 1599
454 2828
455 1656
455 1992
455 1684
455 3017
456 1592
457 1438
458 2233
458 2358
459 2099
460 992
460 3263
460 3030
460 1751
461 1508
462 476
463 2539
463 2540
464 1853
464 1758
465 2973
465 2153
465 2345
466 936
466 3138
466 2174
468 768
468 1473
468 1665
468 968
468 1097
468 1362
468 2196
468 982
468 2718
468 2719
468 930
468 1251
468 680
468 2089
468 1736
468 2217
468 2299
468 1853
468 2622
469 1101
469 1478
470 1982
471 2588
471 2314
471 1676
471 2554
472 2269
472 1704
472 3274
472 780
472 541
472 703
473 1808
473 843
473 2524
474 3056
474 3055
475 3295
476 2203
476 3046
476 1247
478 3046
479 3105
480 571
481 2236
482 833
482 3156
482 3272
482 1076
482 3276
482 830
483 2624
483 1585
483 2020
484 1210
484 1531
485 2752
485 1052
486 1202
486 1570
486 2356
486 486
486 1097
486 2891
486 1115
486 1362
486 509
486 3228
487 1651
487 1140
487 837
487 2108
487 734
488 667
489 582
490 1394
490 2858
491 881
491 2228
491 2994
492 755
492 1012
492 2632
492 2404
492 1034
492 1644
492 1422
492 2181
493 2151
493 1214
494 2025
494 1620
494 637
495 1422
495 1262
496 861
497 1779
497 2974
497 2975
498 2652
499 2274
499 886
500 1809
500 3249
501 1011
501 1575
502 517
503 1529
504 624
504 2844
504 2292
505 1729
506 1944
506 3213
506 1583
507 2834
508 3248
508 2732
508 1822
509 1362
509 1570
510 2827
511 625
512 620
514 2809
514 2810
515 1498
515 3299
515 1383
516 2646
517 2647
517 1583
517 1215
518 1896
519 3146
519 519
520 2402
520 2380
521 964
522 1830
523 1840
523 2349
524 1537
524 2938
524 2787
525 648
525 705
525 2577
525 2573
526 920
526 2163
527 1422
527 1943
528 962
528 2396
528 1422
528 2829
529 1724
529 1958
530 664
530 1017
530 1621
530 1966
530 1641
531 2610
532 1944
533 2691
533 1764
534 2287
535 2584
535 641
535 946
536 2477
537 650
537 836
538 632
538 1506
539 1783
540 3046
540 2911
540 2910
540 2646
540 1945
540 555
540 923
540 2515
540 911
541 1477
541 1865
541 3274
541 1620
541 3048
541 2840
541 2269
541 928
541 2721
541 3047
541 1768
541 809
541 3050
541 1704
541 822
541 3049
541 1464
541 2745
541 703
542 1020
542 2295
543 2561
544 1915
544 2302
545 2259
545 1046
546 546
547 819
547 582
548 851
548 1877
548 2063
549 755
549 2782
549 2585
549 2361
549 1821
549 1422
550 3009
550 3010
550 2899
551 1259
551 749
552 2412
552 2789
554 799
556 969
557 1922
557 1883
557 725
558 2976
558 1145
558 2414
558 591
559 1097
559 1570
559 1013
560 2482
560 2191
561 2848
561 2580
561 1366
561 3025
561 1180
562 1586
562 1735
563 582
564 3048
564 1477
565 904
565 1264
565 1330
565 2484
566 698
566 2212
567 2400
567 2464
567 2898
567 2005
567 2486
567 2730
567 1435
567 3221
568 3023
568 1839
569 624
569 3153
570 1786
571 571
572 1024
572 1998
573 624
573 1478
573 670
574 2049
574 2267
574 1109
574 1518
575 620
576 1887
577 2080
577 1027
577 1971
578 2225
578 2367
579 1410
579 1531
581 1750
582 1921
582 2179
582 2950
582 647
582 1004
582 2391
582 653
582 2447
582 3216
582 3217
582 1170
582 790
582 2840
582 3099
582 1693
582 676
582 1701
582 3218
582 1967
582 1200
582 2100
582 3017
582 637
582 2973
582 2249
582 587
582 3148
582 2258
582 2134
582 1753
582 2920
582 2921
582 1387
582 1516
582 2066
582 1410
582 879
582 1525
582 1660
582 1002
583 2384
584 2531
584 1039
585 1214
585 1943
585 1422
585 1997
586 2782
586 2556
586 2116
586 1422
586 1214
587 2840
588 2536
588 2537
588 1275
588 828
588 1255
589 3096
590 2185
590 2868
590 2206
591 2704
591 1527
591 1145
591 2414
592 592
593 2325
595 1961
595 618
595 878
595 1447
596 3191
597 3174
598 1887
599 1259
600 1001
600 2105
601 3192
602 1858
602 958
603 3128
603 2799
603 1471
604 2458
604 692
605 859
607 2868
607 1879
608 608
608 2889
609 2866
609 684
610 3039
610 1116
610 2910
610 2911
611 620
611 2605
612 1316
613 2603
614 849
615 2673
615 1818
616 931
616 2596
616 1605
616 1708
616 2597
616 1422
616 2415
616 2862
616 755
616 2166
616 1943
616 622
616 1567
617 2290
618 2380
619 2290
620 2321
620 2605
620 709
620 2439
620 2413
620 2174
621 1790
622 912
622 2596
622 1605
622 1708
622 2637
622 2925
622 2416
622 2418
622 1013
622 1943
622 1117
622 2597
623 632
623 1506
624 865
624 1318
624 3153
624 777
624 1836
624 2845
624 2578
624 915
624 2292
624 2134
624 1335
624 1272
625 2376
626 626
626 2126
627 2632
627 2681
627 755
627 2564
629 1460
629 1717
629 2630
630 2319
630 1757
633 1470
633 1422
634 1162
634 2899
634 2132
635 2922
636 3258
637 1921
637 2562
637 1797
637 2977
637 808
637 2189
637 1967
637 2440
637 2066
637 2931
637 1620
638 2218
638 3039
639 2753
639 1893
640 3214
640 1935
641 1080
641 825
641 1447
641 2595
642 1000
642 2464
643 1741
644 2282
645 3315
648 1143
648 2647
648 651
648 2574
648 2575
649 3099
649 2646
649 3046
649 2495
649 2911
650 2505
650 1655
652 2214
654 2515
655 3200
655 3201
655 687
656 2940
657 658
659 1720
660 1481
661 2404
661 2405
661 1096
661 1740
661 2639
661 2640
661 2641
661 2264
661 1625
661 1439
662 2260
663 2385
664 1203
664 1026
664 2438
665 2256
666 1491
666 3140
667 1243
667 760
667 1555
667 1179
667 1187
667 1707
667 1530
667 1099
667 3101
668 2536
668 1294
669 2492
670 1472
670 865
670 2578
670 2771
670 2844
670 1565
670 1836
670 924
670 974
670 1311
671 1960
672 1738
672 3133
673 3261
673 1293
673 2445
674 1865
675 1864
675 2875
675 2827
677 2443
677 2199
677 985
677 2506
677 1275
679 1979
680 2089
681 2577
681 2980
682 881
682 2228
682 2494
682 1471
683 2558
685 2961
686 2827
686 2181
687 3200
688 1928
689 2729
689 3221
690 2939
690 2579
690 2948
690 1613
690 3007
691 2417
691 931
691 2597
691 2166
691 2481
691 968
691 2396
691 1567
693 2182
694 2965
695 2792
695 1682
695 2483
695 2791
696 2352
696 1236
696 869
697 1783
698 1004
699 1347
700 2035
701 1712
702 2928
703 2745
704 2722
705 2577
705 2422
706 800
706 2927
707 2028
708 3156
709 1424
709 2320
709 1987
709 1557
709 2369
709 936
709 2174
709 1471
710 1159
711 3103
711 3102
711 2727
712 1177
713 2588
713 2314
713 1676
713 2554
713 2604
714 1083
715 2404
715 1940
715 2264
715 1725
715 2405
716 2329
716 1125
716 1366
717 1896
717 2976
717 1902
717 3311
718 2241
719 755
719 1190
721 2683
721 1485
721 1967
722 3107
722 1334
723 1088
723 2219
724 2293
725 966
726 2747
727 1682
729 2977
730 2985
730 2986
730 2987
731 2310
732 1250
733 1296
734 3304
734 1651
736 2339
737 1460
738 3241
739 2213
740 1416
740 742
741 3036
742 1380
743 2140
744 2466
744 3275
744 2519
744 2586
744 2235
745 2921
746 3028
746 2420
746 3193
747 960
747 803
747 747
747 1723
747 2501
748 2668
749 1259
749 1195
750 1065
751 1446
751 1447
752 1204
753 1947
754 2923
755 2665
755 2254
755 2128
755 2257
755 2585
755 2650
755 912
755 2663
755 1961
755 2666
755 2667
755 1647
755 2664
755 1009
755 1013
755 887
755 2488
755 2622
756 2385
757 2099
757 1420
758 2960
759 1512
760 1707
761 2375
762 2337
764 1424
765 2124
766 1037
767 1321
767 3254
768 2964
768 2645
769 1016
769 2081
770 2633
770 1202
770 1591
771 1256
771 2646
771 1103
772 1296
772 1546
772 1331
773 2264
773 2626
773 1725
773 1647
774 1562
774 2606
775 1376
775 1422
775 775
776 781
776 1030
777 2560
777 2261
777 1691
777 2845
778 2252
778 3223
779 932
781 2479
781 2375
782 2945
783 2835
783 2837
783 2296
783 3076
784 1715
784 1822
785 1397
786 2216
787 1413
788 3262
789 3176
790 1000
790 1545
790 3026
791 2309
792 2160
792 2476
792 1671
793 916
794 1041
794 1357
795 2679
796 2119
796 968
796 2217
796 930
796 2063
797 2305
798 1992
799 1422
801 1391
802 1573
802 1854
803 803
803 990
803 3019
804 1776
805 986
806 1537
807 2782
807 2564
807 2667
807 1422
807 1214
808 2066
808 2562
808 1620
810 1913
811 1970
812 2963
812 1437
812 1789
813 1585
813 1874
813 2771
813 2770
814 908
815 2339
816 2377
816 2426
817 2616
818 1202
819 1200
819 3046
819 2646
819 2316
819 2734
819 1247
821 2591
822 2498
822 1043
823 1909
825 1574
825 2855
825 1080
826 2712
827 2421
828 828
828 1255
829 1505
829 1082
829 2411
831 3063
832 1779
834 834
835 2181
835 1422
835 3030
835 2021
835 2828
835 2782
837 3283
838 838
839 1357
839 2487
840 2477
840 2559
841 1459
842 842
842 1963
843 2579
843 2551
843 2202
844 1154
845 845
846 3193
847 2205
847 1666
847 1875
847 2520
847 1398
847 2592
847 2360
847 2633
847 1517
847 1853
848 848
850 2024
850 2182
850 2596
850 1605
850 886
851 2863
852 1304
853 2252
854 1521
854 2620
855 983
856 2739
856 1621
857 1828
857 2406
858 1803
859 1795
860 2920
860 2177
860 1004
860 3296
860 2497
861 2178
861 1171
863 2209
863 1780
864 904
864 1330
864 2874
864 1346
865 2692
865 2212
865 1335
865 924
865 2266
865 1836
865 1999
866 3239
867 1173
868 897
869 2352
870 2019
872 1665
873 3225
873 2693
874 2866
875 1625
875 1257
875 1131
875 2797
875 1918
876 2848
876 1366
876 3025
877 2353
877 1379
877 2375
877 1672
877 2442
877 940
877 2467
878 2313
880 1877
881 2363
881 2364
882 2519
883 1496
884 1992
884 2512
884 1172
885 2434
886 2768
886 2769
886 1796
886 2277
886 2182
886 2655
886 1567
887 2859
887 2404
887 1351
887 1034
887 1422
887 2839
887 1012
887 2782
887 1943
887 1112
887 2247
887 2021
887 2282
887 1214
889 2545
889 1430
889 2799
890 2454
891 2471
891 1108
891 2087
892 892
893 2318
894 1668
894 1070
895 1012
895 2023
895 1290
895 2782
895 2021
896 1081
898 1931
899 2123
900 1072
901 1810
901 1436
901 3037
902 2572
902 902
902 1201
903 2145
903 2969
904 2369
904 2371
904 1699
905 1484
906 2568
906 2567
906 1903
907 1706
908 1569
908 2708
909 2268
910 910
911 3060
912 2416
912 2925
912 2490
912 1708
912 1117
912 1605
913 913
914 2136
914 914
914 1794
915 2301
917 2176
917 2660
917 1036
918 3072
918 3080
919 1425
920 1832
920 2547
920 1469
921 1280
921 3017
921 3026
922 1246
922 1087
923 1170
923 2218
923 3099
923 2316
923 3018
923 2911
924 2578
924 2845
925 995
926 934
927 2899
927 1135
928 1326
929 2863
930 2633
930 2196
930 2519
931 1025
931 2597
931 1117
933 1905
933 1977
934 1616
934 2133
935 3233
935 2590
937 2377
937 2782
938 2104
938 3251
940 1155
941 2782
941 2564
941 2667
941 1422
941 1214
942 2305
942 2343
942 1863
943 1554
943 2010
945 3016
946 1584
946 2906
946 2379
947 1716
948 1114
949 2579
950 2292
951 2656
951 3154
951 1638
952 2982
953 1440
953 2736
953 2298
954 3108
954 2366
955 3144
956 1461
956 1022
958 3035
958 2543
959 3075
959 1949
960 2501
961 1405
962 2097
962 2418
962 3073
962 2416
962 2226
962 1422
962 2829
963 3158
965 3013
965 1301
965 1157
965 2166
965 1943
965 1112
965 2234
965 3014
965 2829
965 1422
965 1567
967 2701
968 2882
968 2564
968 1157
968 1605
968 2632
968 2633
968 2967
968 2829
968 1422
968 2196
968 3086
968 2774
968 1943
968 1625
968 2782
968 1567
968 2596
968 2097
968 2226
968 2166
968 2234
968 1214
969 1687
970 1949
971 2529
972 1736
973 2778
974 1891
975 2478
975 1295
976 2434
977 2699
978 1764
978 1422
979 2458
980 2098
980 1645
981 2311
982 1736
982 1130
982 1591
984 2046
985 1275
985 2443
986 2419
987 2006
988 2458
989 1033
990 1223
990 1207
991 1474
991 2557
992 2242
992 1421
993 2097
993 2774
993 2775
993 2427
993 2829
993 2925
994 2224
994 2675
996 3116
997 1896
997 1035
997 2703
998 3314
998 1315
998 2589
998 2909
998 1515
999 1754
999 1948
999 2351
1000 2400
1000 1545
1000 3120
1001 1001
1001 1577
1001 1119
1002 1200
1002 2734
1002 2085
1003 1801
1004 2816
1004 2497
1004 2920
1005 1816
1006 2762
1006 2999
1007 1208
1008 1668
1009 2507
1009 1422
1009 1853
1010 2925
1010 1703
1011 2148
1011 1944
1011 2330
1011 1583
1012 2785
1012 2023
1012 1034
1012 2475
1012 1644
1012 2681
1012 2282
1012 1214
1013 2166
1013 1943
1013 1605
1013 1567
1013 2597
1013 1422
1014 1014
1015 2783
1015 2443
1015 1422
1015 1275
1016 1866
1018 1032
1018 3241
1018 2514
1019 1625
1019 1875
1019 2073
1021 2108
1021 3066
1021 1188
1021 2589
1022 1461
1022 1302
1023 1493
1023 2709
1025 2490
1026 3157
1026 2158
1027 1620
1027 2608
1028 2320
1028 1557
1028 2605
1029 1564
1030 2353
1030 2354
1030 1971
1030 2372
1030 2062
1031 2328
1031 2329
1031 1125
1032 3241
1032 2514
1033 2112
1033 2819
1033 1234
1033 1426
1034 2782
1034 1644
1034 1607
1034 2475
1034 2925
1034 1230
1034 1617
1034 1422
1034 1214
1035 1152
1035 1206
1035 1051
1035 1534
1035 2703
1036 2853
1038 2082
1039 1170
1039 2531
1040 2877
1041 1357
1042 3045
1043 3274
1043 2498
1043 1829
1044 1264
1044 1619
1044 2323
1044 1802
1044 1395
1044 2434
1045 3252
1045 1596
1045 3253
1046 2259
1046 2054
1047 3237
1048 1143
1049 2339
1049 2463
1052 2752
1052 2657
1052 3215
1052 1239
1054 2626
1054 1214
1054 1943
1055 2879
1056 2593
1058 1366
1059 1337
1060 1979
1061 1061
1062 2232
1063 1675
1063 2543
1064 2633
1064 1202
1064 1853
1064 2527
1065 1065
1066 3204
1066 3203
1066 3036
1067 3021
1068 2899
1069 2504
1069 2503
1070 1625
1070 2399
1071 2128
1071 2822
1071 1422
1071 2829
1072 1818
1072 1309
1073 3303
1074 1095
1075 2780
1076 1589
1077 1077
1078 2848
1078 1259
1078 2510
1079 1555
1079 1707
1079 1950
1080 1348
1080 2595
1080 1340
1082 3273
1082 2532
1083 1709
1083 3069
1084 1123
1084 2343
1085 3139
1085 3244
1086 1807
1087 1620
1087 2189
1087 2054
1087 1239
1088 2953
1089 1400
1091 2874
1091 2861
1091 1471
1092 3185
1092 1579
1092 1662
1093 2424
1093 2161
1093 2425
1093 1990
1093 2423
1094 2899
1094 2052
1094 3051
1096 2638
1097 2427
1097 1894
1097 2919
1097 1875
1097 1429
1097 1879
1097 2648
1097 1625
1097 1467
1097 2933
1099 1530
1100 1526
1102 2602
1102 1939
1103 1116
1103 2911
1104 2871
1105 1894
1105 1167
1106 2403
1106 2757
1107 2496
1107 2497
1109 1518
1110 1952
1111 2727
1111 1983
1112 2626
1112 1635
1112 2820
1112 3014
1112 1480
1112 2475
1112 1644
1112 1647
1112 1251
1112 2522
1112 2927
1113 3211
1115 3042
1115 2891
1115 3228
1116 1836
1117 2596
1117 1605
1117 1708
1117 2637
1117 1422
1117 2925
1117 2166
1117 1943
1117 1117
1117 1567
1118 1194
1119 2552
1119 2749
1119 1577
1120 1659
1120 2654
1122 2396
1122 2991
1123 2343
1123 1733
1123 1855
1125 2884
1125 1125
1126 3033
1127 3141
1128 1761
1129 2513
1129 3241
1130 1666
1130 1429
1130 1591
1130 2728
1130 2057
1130 2331
1130 2422
1130 2110
1131 1666
1131 1251
1131 1875
1131 2621
1131 2681
1131 2680
1131 1609
1133 3259
1135 2899
1135 3207
1135 2683
1135 1485
1136 2196
1137 2544
1138 2767
1139 2223
1141 1241
1142 1217
1143 3174
1143 3193
1143 2573
1143 3053
1143 1677
1144 1556
1144 1282
1144 1396
1144 2382
1145 1896
1145 2152
1146 1896
1147 1449
1148 1148
1149 1404
1151 1847
1152 2414
1152 2703
1153 2968
1153 3078
1153 3079
1155 2353
1155 1379
1155 2375
1155 1672
1155 2442
1155 2467
1156 1738
1156 3133
1157 1281
1157 1943
1157 2829
1157 1422
1158 2813
1159 2754
1159 2755
1159 2086
1160 1432
1161 2714
1162 3010
1163 2348
1164 2344
1165 2041
1165 2462
1166 1166
1167 1493
1167 1894
1167 2711
1167 1901
1168 1814
1169 1209
1170 2531
1170 2726
1170 2819
1170 1225
1171 1171
1172 1363
1173 1720
1173 2794
1173 2796
1175 2958
1176 2226
1176 2435
1176 1821
1177 1177
1179 1707
1180 2643
1180 2580
1180 2581
1180 1366
1180 3025
1180 1600
1180 2329
1180 2848
1181 3316
1182 2960
1183 1600
1183 2643
1183 1366
1184 2186
1185 2955
1186 3193
1186 2306
1186 1868
1189 2060
1189 3021
1189 1767
1190 2585
1190 2828
1191 3108
1192 2793
1193 1841
1193 1981
1194 3280
1194 2246
1196 1791
1197 1896
1198 1724
1199 1993
1201 2572
1202 1570
1202 2356
1202 2527
1203 2438
1205 1212
1205 2830
1208 1767
1208 2060
1208 2877
1210 2612
1210 1531
1211 1585
1211 1211
1211 2780
1211 2779
1212 1473
1213 2325
1214 2826
1214 2784
1214 1219
1214 2860
1214 2444
1214 1230
1214 2649
1214 2585
1214 2650
1214 2475
1214 2053
1214 2782
1214 2786
1214 2023
1214 1644
1214 2824
1214 1480
1214 2398
1214 2230
1214 1724
1214 1290
1215 2923
1216 1801
1218 3068
1218 1868
1219 2782
1219 2564
1219 2667
1219 1422
1220 2672
1220 2868
1220 2472
1220 1721
1220 1629
1220 2670
1221 2054
1222 1864
1222 2434
1222 2684
1224 2348
1225 1932
1226 2853
1227 1845
1227 2642
1227 2095
1228 1317
1229 3098
1230 1666
1230 2859
1230 1290
1231 1586
1231 1390
1232 2226
1232 2211
1232 2926
1235 2335
1235 1677
1235 2245
1237 1553
1237 3219
1237 1431
1238 2506
1238 2782
1238 1422
1239 1265
1239 2210
1239 2249
1239 3215
1241 1907
1241 1694
1242 2311
1244 2944
1244 3193
1245 2482
1245 1245
1246 2776
1248 1248
1249 2280
1251 2622
1251 1843
1251 2398
1251 1625
1251 2483
1251 1965
1251 1422
1252 3117
1252 3118
1252 3119
1253 1328
1253 2455
1253 1510
1253 1915
1254 2722
1255 2537
1256 3046
1256 2259
1257 2797
1258 1689
1259 2897
1259 2510
1260 2219
1260 1981
1261 2480
1261 2481
1262 2825
1262 2978
1263 2529
1264 2984
1264 2369
1264 2174
1266 3273
1268 2352
1269 1269
1270 1270
1271 2601
1271 1461
1271 1302
1273 1422
1274 1739
1275 2506
1275 1825
1275 1731
1275 2444
1275 2361
1276 1291
1277 2725
1279 2627
1279 2628
1281 2226
1281 2234
1281 1943
1282 2381
1283 1370
1284 1312
1285 1523
1286 3286
1286 1411
1286 2790
1286 2366
1286 1543
1287 2058
1287 2940
1288 1648
1290 2782
1290 2023
1292 1811
1293 3261
1296 1585
1297 2393
1298 2092
1299 2406
1301 2774
1301 2775
1302 2601
1302 1461
1303 3047
1305 3021
1306 3180
1306 3181
1307 2112
1307 1865
1308 2680
1308 1769
1310 3125
1310 3221
1311 2316
1311 2607
1313 2709
1313 1462
1313 3246
1314 3094
1316 3015
1319 1770
1319 1603
1319 2237
1320 2629
1320 2159
1321 3229
1321 3230
1323 1323
1324 2816
1324 1449
1324 1410
1324 1562
1324 2817
1326 1408
1326 1620
1326 2245
1326 2400
1326 2335
1327 2164
1328 3162
1330 2369
1330 2371
1330 1699
1331 2142
1332 2777
1333 2594
1333 2711
1333 1879
1335 2578
1335 2612
1336 1681
1339 2758
1340 2855
1341 1925
1341 3151
1342 2396
1343 2782
1343 1427
1343 1422
1343 1943
1343 2829
1343 2398
1344 2118
1345 1892
1346 2874
1346 2861
1348 2276
1348 1574
1349 2528
1349 3129
1349 1749
1350 1399
1351 2121
1351 1644
1352 2412
1352 1829
1353 2900
1354 2812
1355 2984
1355 2866
1356 1762
1358 2919
1359 2174
1360 1360
1363 2512
1363 1822
1364 2184
1364 2240
1365 1504
1365 1933
1366 2580
1366 2581
1366 2088
1367 2947
1369 1981
1369 3071
1371 1962
1372 1841
1373 1948
1373 1885
1374 2078
1375 1375
1377 1438
1378 2907
1379 2353
1379 2375
1379 2442
1379 1823
1380 1416
1381 2553
1381 2322
1381 1846
1382 3038
1384 2779
1384 3052
1385 2452
1386 1635
1389 3043
1390 2173
1391 2756
1392 2857
1392 2634
1392 3212
1393 1721
1395 2984
1395 2866
1395 2323
1395 2861
1396 2381
1398 2427
1398 1429
1398 2110
1399 2224
1399 1666
1399 1587
1399 1429
1399 2675
1399 2427
1400 1944
1401 1411
1401 2790
1402 2243
1403 1978
1404 1404
1406 1406
1407 1407
1409 2738
1410 2815
1410 3294
1410 2345
1410 2814
1410 1531
1411 2368
1411 2366
1411 2067
1411 1726
1411 2367
1412 3138
1414 2861
1414 1422
1415 1835
1415 1668
1417 2645
1417 1758
1417 2217
1419 2339
1419 1698
1419 2389
1422 2820
1422 2053
1422 2822
1422 2824
1422 2825
1422 2827
1422 2828
1422 2829
1422 2830
1422 2585
1422 2139
1422 1834
1422 2823
1422 1582
1422 1630
1422 1590
1422 2826
1422 2622
1422 2784
1422 2115
1422 2116
1422 1607
1422 2649
1422 2650
1422 2651
1422 2396
1422 2398
1422 2064
1422 2663
1422 2664
1422 2668
1422 2681
1422 1658
1422 1663
1422 2435
1422 2444
1422 2490
1422 2475
1422 2230
1422 2234
1422 2785
1422 1724
1422 1470
1422 2244
1422 2254
1422 2257
1422 2783
1422 2181
1422 1644
1422 2021
1422 2023
1422 2821
1422 2047
1423 2059
1426 3153
1427 2925
1428 1884
1428 3037
1429 2147
1429 1989
1429 2520
1429 2420
1429 2421
1429 1625
1429 2331
1429 2422
1429 1853
1429 2110
1429 1759
1430 1973
1433 3064
1433 3065
1435 2729
1435 2730
1435 2898
1435 1854
1436 1810
1437 2259
1439 2626
1439 2638
1440 2736
1440 3034
1440 2124
1441 1762
1441 2603
1441 2669
1442 2437
1443 2013
1445 2401
1445 2020
1446 1574
1447 2560
1447 2811
1448 2353
1448 2738
1448 1971
1449 2606
1450 1505
1451 3308
1453 1625
1453 1875
1455 2734
1456 2188
1456 2694
1457 2644
1457 2956
1457 2955
1457 2156
1458 2972
1459 1459
1461 2918
1461 2215
1461 2601
1462 3246
1462 2039
1463 2704
1464 1551
1465 2832
1468 1867
1468 2350
1469 2163
1471 3128
1471 2954
1471 2861
1471 2494
1472 3046
1472 2210
1472 2646
1472 1813
1473 2964
1475 3264
1476 2655
1479 1479
1480 2715
1480 2782
1483 1795
1483 1821
1484 1920
1484 2912
1484 2113
1484 2063
1486 1864
1487 2138
1487 1491
1489 1805
1490 2033
1491 1767
1491 2060
1492 1625
1492 2565
1493 1894
1493 2712
1493 2187
1494 2239
1495 1929
1497 2336
1499 3135
1500 1500
1502 2201
1503 1674
1503 1503
1504 1933
1505 3273
1505 2411
1507 3001
1509 3056
1511 2502
1513 2300
1515 2050
1517 1875
1517 2183
1517 2361
1517 2362
1517 1580
1518 1518
1518 2267
1519 3226
1520 1520
1522 2335
1522 2245
1523 3169
1523 3170
1523 3171
1523 3172
1524 3032
1524 3064
1529 3199
1529 1925
1532 1915
1533 2927
1534 1896
1534 2703
1535 1763
1536 1536
1536 2452
1536 2220
1539 2653
1540 2363
1541 3100
1542 2420
1542 2558
1543 2067
1543 2732
1544 2895
1545 2400
1545 3026
1547 2432
1548 3268
1548 2271
1549 1549
1550 2036
1551 1704
1551 3274
1551 2332
1551 2269
1552 1552
1554 3044
1555 2469
1555 2015
1557 2321
1557 2322
1557 3227
1558 2331
1559 1593
1560 1705
1560 2559
1561 2228
1563 3062
1567 2416
1567 2182
1567 1708
1567 2637
1567 2925
1567 2418
1567 2204
1567 2655
1568 2680
1568 2485
1568 2766
1568 2767
1569 2708
1570 2356
1571 3119
1571 3117
1571 3118
1571 2055
1572 3049
1575 1944
1575 2478
1575 2919
1576 2174
1577 2552
1577 1882
1580 2506
1580 2360
1580 2880
1580 2183
1580 1640
1580 2361
1580 2362
1581 3242
1582 2032
1582 2299
1583 3080
1583 2387
1583 2584
1583 1843
1584 2379
1584 2380
1585 2779
1585 1874
1585 2020
1585 2771
1585 2770
1585 2462
1586 3241
1587 2919
1587 2147
1587 2420
1587 1989
1587 2422
1587 1625
1587 2331
1587 2110
1587 2421
1588 2468
1589 3272
1589 2453
1590 1943
1591 1665
1591 2293
1591 2622
1595 2945
1596 3252
1596 3253
1598 2285
1599 2116
1600 2848
1600 3025
1601 2700
1602 1602
1603 2867
1604 3104
1605 2925
1605 1708
1605 2418
1605 2415
1605 1943
1605 2416
1605 2637
1606 2691
1607 2475
1608 2192
1609 1625
1609 1877
1610 1744
1610 1733
1610 3022
1611 2071
1612 2307
1613 2058
1613 2727
1614 1975
1615 2646
1616 1752
1617 2211
1617 3014
1617 2475
1617 1724
1617 2926
1617 2927
1618 1864
1619 2323
1620 2977
1620 2245
1620 2631
1620 2440
1620 2636
1620 2562
1620 3026
1620 1817
1620 2335
1620 2721
1620 1826
1620 1771
1623 1938
1623 1627
1624 3037
1624 3038
1625 1666
1625 2886
1625 2638
1625 1965
1625 1875
1625 1821
1625 1759
1625 2621
1625 2224
1625 2632
1625 2680
1625 2681
1625 2429
1626 2856
1626 1897
1627 1938
1628 2155
1629 2473
1630 2621
1632 1632
1633 2622
1634 2208
1634 2866
1634 2861
1636 1876
1640 1923
1640 2183
1642 2474
1643 3325
1644 2404
1644 2247
1644 2782
1644 2021
1646 1898
1647 2626
1648 2266
1649 1805
1650 2888
1651 3304
1652 2733
1653 1714
1654 2312
1655 2000
1655 3209
1655 2331
1655 2506
1656 1656
1657 2868
1659 1659
1661 2272
1662 3185
1663 2396
1664 3297
1664 3092
1665 2633
1665 1670
1666 2435
1666 1989
1666 2427
1666 2110
1667 2603
1667 3286
1668 2399
1670 3256
1671 2400
1672 1971
1672 2353
1673 3112
1675 2543
1676 2554
1676 2588
1676 2604
1677 1737
1678 2316
1678 2631
1679 3295
1683 2448
1683 2449
1683 2450
1683 2451
1683 2452
1683 1836
1683 2220
1685 3133
1687 1992
1687 3220
1688 1914
1690 2221
1694 2486
1695 3090
1695 2037
1696 1760
1696 3114
1698 1705
1698 2466
1698 2586
1699 2369
1702 1774
1702 1711
1704 2332
1704 2269
1705 2114
1705 2559
1706 2270
1708 2596
1708 2637
1708 2925
1708 2416
1708 2418
1708 1943
1709 2948
1710 2112
1710 2215
1710 2918
1711 1774
1714 1869
1717 2630
1718 2433
1718 2705
1718 2703
1719 2589
1721 2672
1721 1959
1721 2473
1721 2670
1722 2970
1724 1958
1724 2542
1724 2253
1725 2264
1725 2868
1725 2404
1726 2368
1726 2790
1727 1865
1728 3193
1729 2345
1730 2795
1730 2516
1731 2774
1731 2230
1731 1943
1731 2443
1732 2033
1733 3305
1733 3306
1734 2013
1737 2243
1740 2638
1742 2458
1743 2033
1746 2339
1746 1981
1746 3071
1747 2121
1747 2390
1750 3321
1751 2319
1755 2363
1757 3030
1757 2319
1758 2217
1758 2253
1758 2527
1759 2633
1759 2622
1759 2621
1759 1918
1760 3114
1761 2429
1761 2565
1765 1765
1766 3183
1766 1991
1767 2168
1768 2745
1768 3274
1768 1964
1769 2767
1770 2867
1771 1778
1772 1890
1772 2067
1772 1822
1772 2222
1775 1873
1777 2224
1778 3257
1779 2974
1781 2659
1782 2458
1784 3205
1784 2231
1785 2346
1787 2209
1788 2251
1791 2819
1791 2055
1792 3265
1795 1821
1798 2526
1799 1811
1800 2847
1802 2323
1802 2174
1804 2458
1806 2865
1806 2804
1808 3011
1808 2202
1808 3249
1809 3249
1810 3037
1811 2102
1811 1879
1811 2091
1811 3198
1812 2328
1813 2184
1813 3294
1814 2143
1815 2885
1818 1992
1818 2030
1820 1954
1821 2200
1822 3107
1822 2180
1822 3271
1822 2222
1822 1903
1822 3220
1822 3006
1822 3194
1822 1822
1823 3045
1824 1883
1825 2443
1827 3204
1828 2077
1828 2406
1829 2035
1831 2264
1831 2377
1831 2626
1832 2163
1835 2113
1835 2122
1835 2063
1836 2578
1836 2447
1837 2811
1838 2187
1840 2348
1840 2349
1842 2646
1844 2460
1845 2746
1846 3247
1847 1907
1847 2731
1848 2401
1849 2400
1850 1933
1851 3125
1852 2018
1853 2488
1853 2527
1855 2343
1856 2979
1858 2543
1858 3035
1858 2031
1859 2221
1860 2092
1861 2530
1862 2582
1863 2368
1864 2509
1865 2283
1865 3046
1866 2081
1867 2357
1867 2358
1867 2351
1868 2729
1868 3068
1870 2945
1871 2478
1872 2655
1875 2427
1875 1989
1875 2360
1875 2426
1875 2428
1875 2205
1875 2399
1877 2401
1877 2196
1877 1973
1878 2936
1878 2446
1879 2205
1879 1956
1879 1986
1880 3150
1881 1881
1883 2678
1886 1886
1887 2358
1887 2357
1887 2232
1887 2233
1887 2431
1888 2093
1889 2516
1889 2751
1890 2884
1890 2628
1890 2222
1891 3046
1894 2052
1894 2710
1894 2711
1894 2584
1894 2648
1895 2383
1896 2048
1896 2707
1896 2708
1896 2702
1896 2704
1896 2705
1896 2706
1896 2170
1896 2703
1899 2798
1900 3111
1901 2648
1902 2976
1902 2703
1903 2420
1903 2493
1904 2666
1906 3155
1906 2127
1907 3232
1907 3125
1907 2005
1908 3301
1908 3302
1910 3129
1910 2925
1912 2080
1915 2302
1916 2351
1917 3282
1917 2339
1918 2649
1918 2650
1918 2444
1918 2797
1918 1995
1919 2259
1921 2316
1923 2183
1924 3147
1926 2945
1927 2550
1928 2326
1932 3046
1932 2447
1933 3008
1933 2539
1934 2265
1936 2974
1937 2069
1939 2447
1940 2404
1940 2405
1941 2998
1943 2823
1943 2775
1943 2398
1943 2234
1943 2396
1943 2418
1943 2416
1943 2226
1944 2534
1944 2535
1946 2899
1948 2350
1949 3208
1949 3075
1951 2988
1953 2848
1953 2041
1955 3097
1956 2759
1956 2964
1956 1965
1957 2171
1962 3031
1965 2886
1965 2488
1965 2964
1967 2672
1967 2066
1967 2312
1969 3307
1970 2836
1970 2909
1971 2354
1971 2373
1971 2062
1971 2479
1972 3245
1973 2799
1974 3313
1976 2827
1979 2800
1980 2655
1981 3312
1981 2340
1981 3071
1981 3020
1983 3152
1984 2989
1985 2909
1986 2594
1986 2711
1987 2174
1988 2408
1989 2426
1989 2427
1989 3027
1990 2424
1990 2161
1992 3139
1992 2819
1992 2347
1995 2089
1996 2880
1997 2264
1997 2107
1997 1997
1999 2578
1999 2212
2000 2635
2002 2398
2004 3143
2005 2713
2005 2731
2007 3269
2007 3270
2008 2818
2009 2009
2010 3044
2011 2076
2012 2746
2014 3088
2014 2172
2016 2569
2017 2410
2017 2174
2020 2510
2021 2651
2021 2023
2022 3312
2022 2273
2022 3071
2023 2782
2023 2282
2025 2977
2026 3279
2027 2781
2028 2721
2029 3205
2031 3035
2032 2299
2033 2474
2037 3090
2038 2907
2040 2957
2041 3224
2041 2462
2042 2303
2044 2518
2045 2783
2047 2991
2048 2710
2050 2587
2050 3304
2051 2465
2052 2900
2056 3243
2058 2727
2062 3160
2062 2378
2062 2062
2063 2912
2063 2113
2063 2196
2064 2396
2065 3206
2065 2686
2066 2562
2066 2189
2067 2732
2067 2222
2067 2790
2067 2499
2067 2733
2068 2068
2070 2736
2072 2943
2073 2592
2075 3077
2078 2078
2080 2661
2080 2662
2080 2346
2082 2957
2083 2106
2084 2197
2089 2217
2090 2949
2092 2436
2092 2722
2092 3222
2094 2974
2094 2975
2095 2245
2095 2335
2096 2958
2097 2435
2097 2564
2097 2774
2097 2829
2097 2925
2101 2229
2103 2103
2104 3276
2107 2398
2109 2906
2113 2912
2114 2559
2115 2782
2115 2967
2117 2892
2119 2196
2120 3009
2121 2390
2122 2399
2125 2821
2127 2841
2128 2667
2128 2822
2130 2130
2130 2478
2131 2131
2132 2275
2132 2899
2132 2631
2134 2911
2135 3113
2136 2505
2140 2548
2141 2854
2142 2971
2144 2250
2146 2500
2147 2421
2149 2789
2151 2717
2153 3202
2153 3294
2153 2345
2154 2993
2154 3215
2155 3188
2159 2894
2159 2895
2160 2476
2161 2424
2162 2622
2163 2547
2165 2561
2166 2416
2166 2637
2166 2418
2166 2204
2167 3131
2169 3276
2170 2703
2174 3138
2174 2439
2174 2413
2174 2509
2174 2861
2175 2307
2176 2853
2178 3240
2180 3107
2181 2828
2181 2181
2183 2311
2183 2361
2185 2282
2185 3150
2185 3149
2185 2206
2189 3215
2189 2740
2189 3017
2189 2776
2189 2921
2190 2207
2193 2742
2194 2194
2195 2566
2196 2217
2196 2507
2196 3266
2196 2519
2200 2435
2202 2524
2204 2596
2206 2868
2207 2532
2208 3128
2209 2554
2209 2604
2209 2555
2210 3153
2212 2578
2214 3290
2217 2519
2217 2633
2217 2645
2219 2339
2220 2447
2224 2675
2224 2676
2226 2435
2226 2361
2227 3080
2228 2363
2228 2228
2228 2364
2230 2782
2230 2784
2230 2860
2230 2622
2233 2372
2234 2829
2237 2867
2237 3269
2239 2632
2244 2868
2248 2285
2250 2399
2251 3295
2252 3232
2252 3231
2254 3093
2255 3221
2255 2486
2257 2596
2257 2829
2257 2925
2259 2450
2259 2278
2262 3295
2263 2408
2264 2942
2264 2638
2269 3274
2269 2332
2271 3268
2275 2899
2277 2655
2278 3046
2278 2646
2279 2279
2281 2651
2282 2829
2284 2297
2286 2965
2288 2541
2289 2907
2291 2828
2292 2950
2292 2913
2294 2294
2296 2646
2304 2528
2306 3156
2308 2698
2308 2341
2309 3168
2309 3167
2309 2334
2311 2880
2311 2361
2312 2401
2314 2339
2314 2739
2314 2588
2316 2383
2316 2673
2316 2547
2320 2321
2320 2322
2320 3227
2323 2434
2324 2506
2329 2613
2329 2614
2329 2682
2331 2427
2333 2334
2334 2538
2337 2430
2338 2339
2338 2340
2339 3071
2339 3282
2339 2463
2341 2342
2342 2878
2342 3045
2345 2346
2345 2347
2348 3040
2348 3041
2348 2349
2350 2351
2351 2372
2352 2407
2353 2354
2355 2356
2357 2358
2358 2652
2358 2431
2359 2359
2360 2361
2360 2362
2361 2880
2361 2506
2361 2443
2362 2506
2363 3164
2365 3163
2366 3286
2366 2790
2367 3152
2367 2549
2367 2790
2367 2541
2368 2790
2368 2943
2369 2371
2369 2370
2371 2371
2371 2874
2372 2373
2372 2374
2372 2375
2379 2380
2380 2402
2380 2534
2381 2382
2385 2386
2385 2893
2388 2389
2392 2393
2394 2395
2395 2460
2396 2398
2396 2397
2398 2925
2398 2829
2399 2861
2400 3089
2401 2959
2401 2924
2404 2919
2404 2638
2405 2638
2411 3273
2414 2704
2415 2597
2416 2597
2416 2490
2417 2597
2417 2637
2418 2490
2418 2597
2420 2558
2422 2427
2422 2655
2423 2424
2424 2424
2424 2425
2425 3011
2426 2426
2426 3027
2427 3028
2428 2428
2429 2565
2434 2434
2434 2654
2435 2488
2435 2564
2435 3074
2435 2882
2440 2441
2442 2687
2443 2506
2443 2444
2444 2649
2444 2650
2445 2955
2445 2957
2447 2448
2447 2449
2447 2450
2447 2452
2447 2451
2450 2646
2453 3156
2454 2454
2455 2866
2455 2861
2456 2457
2458 2460
2458 2459
2458 2461
2460 3142
2462 3224
2464 3120
2465 2465
2469 2470
2472 2473
2473 2672
2473 2868
2473 2670
2475 2829
2475 2925
2475 2782
2477 2559
2478 2919
2480 2480
2480 2481
2481 2596
2481 2597
2485 2767
2487 2488
2487 2489
2491 2492
2492 3249
2492 2733
2494 3128
2494 2954
2494 2494
2494 2861
2495 3046
2495 2646
2497 3288
2497 3296
2498 3274
2506 2507
2507 2883
2507 2598
2507 2520
2509 2875
2509 2510
2509 2511
2513 2514
2514 3241
2515 2911
2516 2517
2517 2751
2519 2720
2519 2718
2519 2719
2522 2523
2523 2523
2524 3249
2525 2525
2527 2633
2530 2530
2534 2837
2538 2642
2541 3152
2541 2541
2545 2799
2548 2549
2549 3152
2550 2551
2551 2579
2554 2555
2555 2604
2558 3193
2561 2949
2563 2563
2564 2665
2569 3250
2570 2831
2573 2575
2573 2574
2576 2576
2580 2580
2580 2581
2580 3025
2580 2848
2581 2848
2581 3025
2583 2866
2583 2583
2585 2782
2585 2828
2586 3138
2589 3066
2596 2597
2596 2598
2596 2599
2597 2625
2599 3300
2600 2600
2603 2669
2606 2606
2608 2609
2610 2611
2610 2612
2613 2614
2614 3292
2615 2812
2617 2618
2622 2830
2622 2782
2623 2624
2625 2650
2626 3054
2627 2628
2631 3009
2631 2899
2632 2651
2632 2649
2632 2650
2635 3024
2637 3164
2638 2639
2638 2640
2638 2641
2640 2641
2643 2776
2646 2911
2646 3018
2646 3017
2649 2650
2651 2827
2651 2828
2653 3291
2654 2654
2657 2863
2660 3255
2660 2853
2664 2991
2665 2784
2667 2786
2668 2846
2670 2672
2670 2673
2670 2671
2673 3284
2679 2750
2681 2886
2685 2686
2686 3132
2688 2689
2690 2691
2694 2695
2696 2697
2698 2698
2702 2703
2703 2976
2703 2966
2703 2705
2703 2706
2703 2703
2705 2966
2705 2706
2706 2966
2713 3232
2714 2715
2718 2720
2722 2723
2724 2724
2726 2727
2729 2730
2730 2898
2731 3232
2732 2733
2736 3034
2737 2738
2739 2740
2739 2741
2743 2744
2747 2748
2761 2762
2761 2763
2762 2999
2764 2765
2772 3272
2772 2773
2773 2928
2773 3272
2774 2968
2774 2829
2774 2925
2775 2829
2775 2925
2779 2780
2782 2786
2782 2784
2782 2785
2782 2783
2787 2788
2788 2938
2794 2795
2801 2802
2804 2805
2805 2908
2806 2807
2814 2815
2820 3324
2820 2925
2824 3308
2828 3000
2828 2842
2829 2967
2829 2968
2830 2859
2832 2833
2835 2836
2835 3274
2835 3076
2842 2843
2849 2850
2851 2852
2857 3212
2863 2864
2866 2984
2868 2870
2868 2869
2872 2873
2874 2874
2876 2876
2881 2881
2889 2890
2894 3144
2896 2897
2899 2899
2899 2901
2899 2902
2899 2903
2899 2900
2904 2905
2905 3175
2911 3046
2911 3017
2911 3317
2914 2915
2916 2917
2920 3296
2925 2967
2926 2927
2931 2952
2933 2933
2934 2935
2936 2937
2946 2946
2947 2960
2949 3011
2950 2952
2950 2951
2955 2957
2955 2956
2959 3025
2967 2968
2973 3009
2974 2975
2980 2981
2984 2994
2985 2986
2989 2990
2989 2989
2993 3215
2996 2997
3003 3004
3003 3005
3007 3249
3017 3046
3019 3159
3030 3263
3036 3203
3037 3038
3045 3187
3049 3050
3051 3207
3057 3058
3057 3059
3058 3059
3066 3067
3072 3080
3080 3081
3082 3082
3090 3091
3094 3095
3102 3267
3103 3267
3106 3107
3108 3109
3108 3110
3115 3116
3117 3118
3122 3122
3123 3123
3126 3127
3132 3193
3133 3134
3135 3136
3139 3244
3144 3145
3146 3147
3146 3148
3165 3166
3169 3172
3171 3172
3172 3173
3176 3177
3178 3179
3180 3181
3190 3190
3193 3196
3193 3210
3193 3194
3193 3195
3193 3197
3200 3201
3203 3204
3204 3204
3227 3227
3228 3236
3230 3254
3252 3253
3256 3281
3260 3260
3286 3287
3301 3302
3319 3320
3322 3323
