64,64,28,2
175,172,127,2
6,7,3,2
194,191,153,2
135,164,138,2
105,104,84,2
180,179,135,2
239,245,250,2
178,178,132,2
189,190,146,2
155,159,118,2
159,162,123,2
176,165,151,2
200,197,159,2
127,167,215,1
188,183,168,2
179,179,133,2
114,117,67,2
112,111,53,2
101,105,53,2
15,25,139,2
107,144,202,1
83,81,50,2
229,112,73,2
248,250,250,2
180,179,135,2
161,158,107,2
180,181,139,2
200,199,173,2
61,62,20,2
174,172,124,2
145,144,88,2
83,53,206,2
63,93,134,1
170,190,237,1
178,175,131,2
63,122,191,1
173,173,125,2
165,166,116,2
64,60,41,2
159,192,237,1
46,46,6,2
155,158,119,2
147,183,229,1
126,141,84,2
160,163,124,2
170,169,119,2
145,144,123,2
5,6,4,2
183,180,135,2
255,255,255,2
105,104,53,2
103,91,103,2
85,94,132,1
53,57,22,2
119,157,211,1
197,195,160,2
1,138,254,2
141,160,19,2
0,0,0,2
249,239,222,2
182,179,135,2
4,4,0,2
54,58,22,2
164,168,132,2
170,186,229,1
138,141,92,2
153,152,101,2
2,0,0,2
198,124,68,2
197,199,210,2
199,125,69,2
168,71,98,2
101,147,225,1
178,178,132,2
50,99,161,1
205,204,170,2
164,163,113,2
190,188,140,2
181,178,134,2
164,163,113,2
84,90,131,1
167,163,115,2
134,134,134,2
2,20,151,2
105,93,105,2
182,180,132,2
180,179,135,2
177,174,129,2
197,199,207,2
127,132,87,2
240,161,148,2
200,198,167,2
185,184,134,2
194,193,165,2
194,194,154,2
123,163,216,1
238,229,225,2
175,178,128,2
56,58,22,2
36,27,124,2
173,174,124,2
48,253,231,2
199,197,162,2
135,176,231,1
53,54,12,2
155,164,228,1
178,178,132,2
36,36,6,2
181,178,134,2
200,198,163,2
164,165,131,2
134,137,92,2
103,95,106,2
149,187,251,1
133,137,88,2
186,87,113,2
69,72,23,2
157,159,113,2
61,65,24,2
179,176,132,2
175,173,125,2
175,173,125,2
164,168,133,2
171,187,230,1
49,56,19,2
116,116,68,2
67,69,27,2
171,169,121,2
124,155,224,1
107,210,205,2
88,96,149,1
158,162,127,2
148,168,233,1
193,193,153,2
255,0,128,2
179,176,132,2
18,16,6,2
177,174,129,2
173,168,129,2
169,167,119,2
173,172,122,2
92,10,0,2
44,43,29,2
176,174,126,2
88,88,48,2
134,137,92,2
74,76,34,2
255,0,255,2
160,162,126,2
251,242,233,2
137,140,225,2
180,177,132,2
65,69,28,2
200,198,163,2
53,54,20,2
167,164,113,2
180,174,129,2
155,157,111,2
6,10,0,2
93,92,41,2
57,62,23,2
20,17,2,2
109,108,112,2
196,195,157,2
169,83,171,2
184,183,139,2
61,122,186,1
95,125,190,1
73,85,125,1
170,169,119,2
113,167,232,1
223,206,203,2
153,156,154,2
227,198,223,2
180,180,134,2
196,195,157,2
199,197,162,2
92,98,151,1
125,167,220,1
132,136,101,2
178,174,126,2
163,161,113,2
185,184,140,2
165,164,114,2
180,177,132,2
38,38,8,2
178,171,128,2
153,156,106,2
58,119,185,1
19,18,14,2
152,97,220,2
75,77,31,2
184,183,139,2
65,65,25,2
59,59,19,2
176,174,126,2
192,192,152,2
54,55,21,2
21,23,11,2
112,154,213,1
154,153,97,2
25,42,21,2
134,134,134,2
7,4,0,2
60,124,189,1
168,168,120,2
181,178,134,2
181,181,133,2
139,139,85,2
21,15,2,2
189,186,148,2
180,93,149,2
142,142,82,2
138,142,171,2
62,127,195,1
199,197,162,2
182,179,135,2
31,32,6,2
182,183,143,2
165,179,228,1
201,200,162,2
177,176,132,2
11,10,6,2
171,168,123,2
144,186,251,1
149,152,103,2
91,140,216,1
18,135,18,2
137,138,104,2
53,57,21,2
166,166,120,2
199,197,163,2
194,193,155,2
161,165,130,2
0,14,234,2
179,177,129,2
168,184,237,1
138,141,92,2
174,170,122,2
55,116,182,1
178,177,139,2
70,73,24,2
172,169,124,2
184,183,139,2
31,78,122,1
66,78,26,2
150,150,102,2
14,33,16,2
200,198,163,2
138,138,138,2
193,191,151,2
108,104,79,2
192,192,152,2
78,178,236,2
193,192,154,2
199,197,163,2
206,204,170,2
0,181,0,2
164,163,113,2
0,0,1,2
129,77,95,2
33,35,6,2
198,198,158,2
81,84,38,2
227,208,229,2
129,0,127,2
121,155,209,1
141,138,94,2
164,166,147,2
64,124,183,1
196,194,153,2
5,29,19,2
183,181,133,2
178,175,131,2
69,127,192,1
49,65,124,1
199,198,160,2
167,163,115,2
177,174,123,2
204,202,168,2
255,255,255,2
60,62,26,2
200,210,250,1
115,114,56,2
98,101,62,2
51,93,140,1
156,155,97,2
39,149,37,2
147,145,91,2
11,13,7,2
125,124,66,2
43,68,132,1
160,163,124,2
255,128,0,2
99,147,219,1
28,86,68,2
145,151,224,2
55,89,142,1
106,93,107,2
73,76,27,2
170,169,119,2
189,187,146,2
197,195,160,2
2,3,0,2
107,54,81,2
48,106,165,1
164,160,112,2
170,169,119,2
142,141,83,2
180,177,132,2
18,204,222,2
121,158,216,1
61,65,24,2
56,104,170,1
172,168,119,2
202,201,163,2
255,128,97,2
121,153,226,1
181,181,133,2
100,146,217,1
151,189,253,1
201,199,164,2
178,175,131,2
199,197,163,2
197,197,157,2
74,77,28,2
96,145,219,1
165,161,113,2
117,150,219,1
139,140,124,2
66,67,23,2
172,168,119,2
16,15,1,2
148,151,102,2
4,4,0,2
75,87,123,1
182,179,135,2
179,177,129,2
70,71,45,2
60,59,15,2
90,68,247,2
113,151,215,1
36,40,118,2
104,67,171,2
177,176,126,2
3,0,4,2
140,137,86,2
178,175,131,2
7,4,0,2
182,177,138,2
52,52,52,2
164,162,114,2
144,146,94,2
150,194,248,1
171,169,121,2
186,184,143,2
56,104,168,1
87,90,35,2
128,255,0,2
165,163,109,2
171,169,121,2
234,114,78,2
101,76,240,2
133,136,104,2
18,8,192,2
168,166,118,2
153,171,224,1
32,33,7,2
58,59,19,2
3,18,151,2
91,126,70,2
255,255,255,2
172,173,199,2
188,186,156,2
46,46,46,2
175,173,125,2
101,105,158,1
142,145,149,2
131,162,215,1
163,162,112,2
52,123,190,1
145,144,86,2
53,53,17,2
3,155,186,2
171,171,125,2
51,57,22,2
56,61,22,2
51,23,206,2
16,14,3,2
84,80,31,2
5,2,4,2
192,192,152,2
2,0,3,2
202,201,167,2
112,118,171,1
53,56,41,2
67,67,55,2
0,53,87,2
5,3,2,2
53,53,17,2
131,134,95,2
180,179,135,2
147,82,104,2
43,95,135,1
71,73,27,2
73,70,55,2
62,104,86,2
26,28,130,2
146,147,97,2
173,172,121,2
160,163,124,2
118,117,61,2
175,188,232,1
198,198,158,2
153,156,107,2
59,124,192,1
169,184,233,1
248,250,250,2
4,0,0,2
182,179,135,2
4,0,72,2
140,139,81,2
133,88,37,2
14,13,3,2
14,8,187,2
42,43,11,2
52,52,52,2
55,53,12,2
183,156,135,2
157,170,226,1
164,163,112,2
15,6,187,2
169,186,243,1
182,179,135,2
88,92,141,1
175,97,151,2
0,190,1,2
76,89,127,1
173,170,125,2
165,164,114,2
54,105,155,1
168,165,114,2
143,180,232,1
64,100,154,1
113,150,212,1
149,186,254,1
139,176,232,1
54,55,21,2
170,166,117,2
0,254,246,2
63,112,174,1
176,176,130,2
153,156,111,2
2,3,185,2
49,53,12,2
190,189,151,2
57,77,142,1
151,154,105,2
180,178,130,2
10,32,8,2
191,190,152,2
154,153,97,2
130,79,93,2
143,141,130,2
169,181,129,2
167,163,115,2
172,170,122,2
172,171,121,2
7,4,157,2
129,161,227,1
141,140,82,2
218,205,203,2
241,115,80,2
175,172,127,2
141,140,82,2
133,135,189,1
157,166,109,2
84,84,36,2
153,93,71,2
163,162,112,2
201,200,162,2
178,175,131,2
153,157,116,2
107,142,215,1
197,197,157,2
106,67,165,2
202,200,165,2
153,150,145,2
171,171,123,2
107,145,209,1
33,34,8,2
101,97,96,2
144,162,221,1
180,179,135,2
160,164,123,2
128,126,72,2
73,85,125,1
59,63,22,2
167,165,117,2
147,158,216,1
177,176,126,2
166,163,112,2
165,174,124,2
56,55,41,2
179,172,133,2
180,177,133,2
128,167,219,1
56,103,154,1
193,194,150,2
0,2,0,2
3,184,2,2
177,176,132,2
150,153,104,2
235,219,213,2
199,197,162,2
174,165,122,2
14,10,9,2
105,108,59,2
165,162,117,2
160,178,239,1
143,138,193,1
162,159,114,2
7,10,0,2
27,27,21,2
101,148,222,1
134,138,89,2
205,203,169,2
156,159,120,2
117,149,214,1
187,187,147,2
52,53,27,2
79,82,57,2
110,212,207,2
135,137,91,2
65,67,25,2
147,145,91,2
164,163,112,2
92,96,147,1
2,18,154,2
0,0,178,2
181,179,131,2
4,1,0,2
60,62,26,2
7,6,2,2
139,178,247,1
138,138,84,2
56,55,41,2
53,55,19,2
97,146,222,1
180,177,132,2
179,176,131,2
129,132,93,2
154,162,192,2
199,198,160,2
13,11,10,2
113,150,212,1
194,191,163,2
154,153,97,2
55,59,24,2
33,34,8,2
181,184,188,2
173,187,240,1
179,177,129,2
178,178,132,2
201,200,162,2
2,0,0,2
17,8,189,2
134,134,188,1
58,100,153,1
201,200,162,2
36,37,33,2
236,193,160,2
31,32,6,2
15,14,10,2
48,50,14,2
173,172,122,2
14,12,1,2
95,91,150,2
153,159,124,2
131,165,219,1
67,68,24,2
43,44,42,2
100,95,156,2
57,59,23,2
101,226,247,2
178,176,128,2
101,101,61,2
166,167,117,2
181,178,134,2
170,169,119,2
137,125,123,2
142,145,99,2
150,171,232,1
144,138,93,2
143,165,230,1
173,172,122,2
68,69,27,2
131,167,231,1
14,172,202,2
57,59,23,2
184,184,144,2
115,145,202,1
87,54,215,2
178,176,128,2
128,171,222,1
175,173,125,2
133,136,90,2
67,56,26,2
151,161,231,1
173,172,122,2
35,20,202,2
66,67,23,2
162,161,110,2
179,176,131,2
107,150,207,1
162,161,111,2
195,194,156,2
99,104,43,2
81,82,43,2
171,170,120,2
198,197,159,2
54,96,143,1
48,50,14,2
46,115,94,2
201,200,162,2
1,165,254,2
46,101,152,1
144,143,87,2
173,170,125,2
153,171,224,1
169,189,244,1
36,36,24,2
38,41,9,2
178,174,126,2
8,8,0,2
65,66,22,2
102,95,156,2
119,157,222,1
7,2,1,2
163,163,115,2
52,55,23,2
128,128,128,2
167,180,166,2
197,195,161,2
152,174,239,1
15,15,1,2
105,152,226,1
158,160,114,2
111,154,217,1
167,181,234,1
65,67,21,2
92,90,36,2
178,175,131,2
16,14,3,2
227,206,205,2
39,85,149,1
154,195,255,1
77,77,29,2
173,172,122,2
1,2,0,2
162,161,111,2
173,171,123,2
172,169,124,2
93,125,190,1
144,171,235,1
189,194,197,2
121,155,221,1
142,141,90,2
128,131,86,2
144,146,94,2
171,175,116,2
123,119,84,2
138,138,138,2
172,168,120,2
144,143,87,2
150,191,254,1
177,177,129,2
34,35,33,2
201,200,162,2
255,255,255,2
110,120,228,2
177,178,134,2
177,174,129,2
175,174,124,2
137,175,223,1
196,198,152,2
131,132,188,1
165,168,119,2
179,179,131,2
176,189,233,1
48,90,133,1
84,50,211,2
183,179,138,2
167,179,233,1
162,160,112,2
206,205,171,2
200,199,155,2
179,176,132,2
173,172,122,2
246,235,231,2
199,197,163,2
43,44,10,2
46,47,45,2
116,151,207,1
199,197,162,2
72,109,177,1
109,105,56,2
59,120,182,1
130,132,90,2
73,103,144,1
64,65,21,2
49,49,13,2
181,178,134,2
158,162,126,2
44,45,11,2
160,159,109,2
122,164,217,1
190,186,138,2
60,107,161,1
93,69,49,2
182,178,137,2
0,0,0,2
62,89,139,1
179,175,134,2
197,208,252,1
83,89,130,1
202,201,163,2
190,191,147,2
78,90,138,1
38,40,4,2
246,251,254,2
84,38,255,2
174,172,124,2
92,141,219,1
121,124,179,1
201,196,165,2
60,64,23,2
162,160,112,2
57,59,23,2
140,138,84,2
56,58,22,2
155,158,119,2
176,173,128,2
169,190,228,1
151,148,97,2
131,131,131,2
52,56,27,2
178,178,130,2
122,146,166,1
182,179,134,2
145,146,96,2
154,153,97,2
118,121,71,2
39,87,145,1
73,74,48,2
159,157,103,2
181,182,140,2
172,168,119,2
12,25,147,2
95,71,237,2
124,161,219,1
41,39,8,2
231,213,76,2
116,122,175,1
255,128,0,2
87,95,34,2
175,173,125,2
111,136,110,2
109,113,61,2
13,8,10,2
180,177,132,2
128,170,223,1
122,160,214,1
180,179,135,2
200,198,163,2
181,147,58,2
178,174,125,2
37,35,4,2
150,161,221,1
5,0,178,2
139,138,87,2
150,152,100,2
181,179,131,2
61,130,117,2
205,152,202,2
173,173,127,2
90,182,235,2
93,91,37,2
137,135,81,2
142,182,247,1
50,99,145,1
90,68,247,2
152,190,254,1
178,175,130,2
38,100,76,2
15,15,1,2
171,171,131,2
139,142,93,2
198,194,159,2
166,165,115,2
34,33,7,2
130,168,39,2
197,195,160,2
21,139,20,2
195,191,156,2
106,138,197,1
140,138,84,2
150,151,101,2
201,200,162,2
88,63,243,2
16,14,3,2
135,138,93,2
190,188,148,2
97,26,16,2
153,156,111,2
121,154,223,1
146,164,229,1
115,114,56,2
79,87,127,1
111,150,219,1
198,196,165,2
130,170,218,1
75,91,128,1
127,127,127,2
117,116,58,2
48,26,215,2
129,129,129,2
62,120,179,1
151,150,99,2
180,177,132,2
198,197,159,2
204,201,163,2
153,152,94,2
158,162,127,2
58,121,189,1
124,155,224,1
142,161,228,1
65,65,19,2
142,145,96,2
181,180,136,2
165,163,115,2
89,68,244,2
86,85,29,2
201,203,204,2
11,8,0,2
96,90,53,2
77,124,206,1
198,197,159,2
104,102,48,2
63,131,190,1
53,94,143,1
228,209,204,2
141,181,229,1
13,13,0,2
179,177,129,2
95,200,221,2
197,195,160,2
189,186,148,2
100,93,154,2
125,157,223,1
59,61,32,2
178,175,131,2
158,164,129,2
72,71,50,2
168,169,119,2
166,164,110,2
13,31,8,2
30,83,56,2
107,108,52,2
163,163,115,2
179,176,131,2
177,170,143,2
40,58,111,1
150,147,96,2
67,124,185,1
142,144,102,2
123,142,163,1
54,55,21,2
160,163,114,2
197,195,161,2
84,135,221,1
64,52,24,2
123,161,215,1
163,164,114,2
122,132,246,2
179,177,129,2
179,177,129,2
6,4,3,2
159,162,123,2
0,191,0,2
199,197,163,2
119,118,60,2
53,57,22,2
165,164,114,2
60,62,26,2
201,199,164,2
8,21,7,2
170,169,119,2
34,36,6,2
255,0,128,2
183,181,133,2
199,197,149,2
255,128,0,2
66,118,178,1
177,189,243,1
202,197,164,2
246,251,250,2
157,160,115,2
99,17,5,2
179,177,129,2
135,133,79,2
17,15,7,2
53,53,53,2
93,89,64,2
0,250,255,2
56,105,173,1
178,175,131,2
115,150,214,1
63,63,23,2
66,68,26,2
59,63,22,2
178,175,131,2
124,133,190,1
129,136,85,2
69,71,25,2
182,179,135,2
134,135,91,2
0,255,255,2
38,37,9,2
76,76,28,2
154,172,219,1
199,197,162,2
194,193,155,2
44,100,149,1
76,115,190,1
139,139,85,2
165,167,131,2
155,194,255,1
107,93,105,2
179,180,136,2
198,196,161,2
139,140,90,2
125,148,174,1
103,155,222,1
192,192,152,2
255,255,255,2
132,132,132,2
170,169,119,2
234,191,158,2
58,58,22,2
163,163,115,2
235,221,215,2
43,87,134,1
61,109,173,1
56,62,27,2
200,198,163,2
77,85,125,1
184,183,139,2
18,18,12,2
199,197,163,2
92,91,35,2
30,74,61,2
133,136,87,2
201,200,162,2
175,173,125,2
128,0,129,2
190,190,142,2
68,69,27,2
178,178,132,2
162,160,112,2
160,157,106,2
81,47,255,2
164,163,113,2
185,185,131,2
224,108,91,2
171,183,237,1
120,148,219,1
122,224,219,2
61,65,24,2
136,133,243,2
178,178,132,2
176,176,130,2
86,133,215,1
146,170,230,1
164,162,114,2
50,52,16,2
42,43,11,2
3,2,6,2
97,96,58,2
175,173,125,2
22,22,4,2
15,14,0,2
255,128,0,2
58,57,23,2
132,135,90,2
35,38,13,2
134,74,62,2
54,55,21,2
175,142,97,2
27,25,1,2
177,204,254,1
167,166,115,2
179,178,144,2
181,175,134,2
53,56,24,2
129,132,93,2
179,177,129,2
38,219,251,2
129,128,70,2
145,159,225,1
178,175,131,2
199,198,160,2
149,147,93,2
182,179,134,2
183,180,135,2
181,177,136,2
132,174,227,1
241,232,228,2
195,194,156,2
224,222,222,2
113,112,62,2
150,153,104,2
136,139,90,2
185,183,135,2
112,82,63,2
45,46,6,2
145,167,232,1
50,50,10,2
144,182,236,1
45,98,155,1
163,162,112,2
179,175,134,2
55,56,22,2
155,156,116,2
84,93,130,1
24,34,34,2
201,198,160,2
165,164,114,2
3,126,0,2
207,215,252,1
77,53,209,2
205,204,170,2
197,196,158,2
128,136,249,2
34,35,9,2
132,131,80,2
162,160,112,2
75,78,29,2
172,170,122,2
201,200,162,2
195,195,159,2
191,192,150,2
32,33,7,2
50,104,159,1
199,198,164,2
167,163,114,2
51,95,142,1
53,53,17,2
250,243,226,2
61,62,20,2
185,186,144,2
128,155,176,1
77,78,28,2
2,12,0,2
201,199,164,2
171,170,119,2
0,128,0,2
134,135,101,2
85,113,144,1
199,197,163,2
181,176,137,2
139,139,91,2
65,132,201,1
174,170,122,2
7,174,3,2
118,140,168,1
130,133,84,2
73,73,33,2
143,140,89,2
153,191,239,1
35,34,8,2
57,114,175,1
122,154,105,2
186,183,138,2
177,176,126,2
72,74,28,2
123,124,180,1
166,163,119,2
140,143,94,2
130,169,221,1
181,178,134,2
16,14,6,2
144,182,247,1
63,86,134,1
212,206,201,2
201,199,164,2
66,114,172,1
36,35,9,2
202,200,165,2
102,142,194,1
0,26,143,2
172,169,124,2
105,146,208,1
33,34,8,2
160,161,105,2
249,243,230,2
52,52,16,2
112,118,171,1
158,159,115,2
41,42,22,2
77,80,41,2
184,181,136,2
179,179,133,2
200,198,163,2
142,142,96,2
157,156,100,2
222,224,255,2
161,158,107,2
75,78,32,2
182,179,141,2
7,33,15,2
186,185,141,2
111,109,55,2
255,0,128,2
152,154,108,2
163,163,115,2
43,98,149,1
128,131,86,2
121,153,219,1
48,93,137,1
32,77,50,2
52,52,52,2
54,55,23,2
184,180,132,2
54,101,153,1
202,201,163,2
134,89,176,2
165,180,226,1
166,169,130,2
99,73,61,2
180,180,168,2
0,128,0,2
205,214,252,1
163,167,132,2
255,255,255,2
37,38,6,2
179,176,132,2
164,163,113,2
65,129,200,1
72,75,30,2
35,35,11,2
45,95,147,1
201,199,164,2
76,113,187,1
227,230,234,2
75,117,192,1
62,63,21,2
150,188,252,1
165,163,115,2
144,185,248,1
69,95,142,1
252,248,189,2
202,174,80,2
178,175,130,2
195,193,152,2
183,182,138,2
54,55,21,2
161,164,115,2
150,150,102,2
202,201,163,2
57,62,41,2
53,55,25,2
230,215,206,2
162,176,228,1
154,192,255,1
127,162,212,1
47,46,36,2
134,72,54,2
0,1,2,2
176,170,127,2
125,136,204,1
158,161,122,2
164,160,112,2
74,74,26,2
201,200,162,2
35,34,8,2
182,182,142,2
50,50,50,2
122,134,204,1
111,154,217,1
133,135,143,2
195,121,67,2
85,84,28,2
172,171,121,2
80,116,186,1
177,175,140,2
32,47,39,2
248,250,250,2
165,163,115,2
181,178,133,2
122,154,219,1
181,178,133,2
201,199,164,2
172,173,131,2
38,38,8,2
164,162,114,2
158,162,126,2
197,124,66,2
142,141,85,2
166,167,117,2
93,145,221,1
175,172,127,2
250,239,219,2
129,168,220,1
63,68,23,2
181,181,135,2
110,149,211,1
3,184,2,2
58,56,32,2
34,35,25,2
123,86,96,2
56,61,22,2
178,176,128,2
76,84,131,1
16,14,0,2
157,161,119,2
201,200,162,2
129,133,97,2
170,181,233,1
179,178,134,2
14,14,2,2
203,212,255,1
182,179,135,2
31,32,6,2
141,144,98,2
144,185,248,1
52,54,18,2
101,103,67,2
162,160,112,2
135,183,111,2
128,131,86,2
102,72,0,2
169,185,231,1
144,142,88,2
57,112,169,1
50,49,245,2
94,140,218,1
199,197,162,2
56,109,166,1
100,100,46,2
242,169,161,2
100,104,52,2
182,179,134,2
184,182,158,2
169,167,119,2
133,139,238,2
145,185,250,1
185,183,143,2
194,195,153,2
15,15,1,2
166,172,107,2
124,125,91,2
198,129,174,2
179,176,131,2
2,136,106,2
179,176,131,2
57,113,172,1
205,215,255,1
60,139,255,2
197,124,66,2
94,87,148,2
51,52,18,2
15,14,0,2
135,133,79,2
2,1,0,2
2,6,1,2
161,124,32,2
21,22,2,2
168,166,118,2
147,171,231,1
167,163,114,2
135,138,93,2
176,174,126,2
138,139,89,2
137,178,227,1
96,151,224,1
90,78,60,2
80,52,211,2
143,168,230,1
255,0,0,2
106,90,107,2
177,176,126,2
171,171,123,2
62,61,23,2
184,183,139,2
54,58,22,2
48,49,23,2
121,129,92,2
33,33,9,2
197,197,157,2
163,178,110,2
171,185,237,1
87,62,242,2
179,180,138,2
16,10,3,2
187,186,142,2
55,59,23,2
245,236,232,2
179,176,132,2
102,108,161,1
8,5,0,2
171,169,121,2
177,172,141,2
75,78,39,2
179,176,131,2
95,144,218,1
57,58,18,2
186,184,136,2
5,3,3,2
202,201,163,2
56,57,23,2
136,142,89,2
158,162,127,2
157,161,125,2
3,21,144,2
180,178,130,2
182,181,137,2
171,187,229,1
50,46,235,2
166,164,116,2
72,72,26,2
163,163,115,2
165,197,255,1
176,173,129,2
24,25,5,2
92,90,36,2
132,132,132,2
87,95,135,1
179,176,132,2
116,115,57,2
199,197,162,2
92,120,191,1
1,20,155,2
152,190,254,1
163,162,112,2
132,135,244,2
134,135,93,2
117,150,199,1
97,86,106,2
177,172,127,2
171,171,125,2
206,204,170,2
172,169,124,2
102,149,223,1
59,63,28,2
43,112,255,2
132,176,240,1
175,173,125,2
40,163,83,2
61,65,24,2
117,159,212,1
131,135,93,2
12,12,0,2
54,57,25,2
126,151,171,1
157,161,125,2
200,198,163,2
184,179,134,2
110,167,228,1
16,4,170,2
178,177,127,2
179,176,131,2
124,226,221,2
107,106,48,2
122,162,215,1
165,163,115,2
143,145,93,2
116,154,218,1
172,187,233,1
169,185,232,1
127,161,214,1
201,200,162,2
108,107,51,2
171,170,126,2
103,141,113,2
197,195,171,2
92,195,190,2
200,198,163,2
99,105,158,1
175,173,125,2
52,53,19,2
66,65,31,2
200,198,163,2
45,93,141,1
10,12,0,2
179,176,132,2
247,205,198,2
201,200,162,2
92,87,148,2
162,166,131,2
45,37,192,2
177,174,129,2
35,57,29,2
180,179,135,2
53,57,22,2
142,163,231,1
195,193,152,2
152,154,108,2
166,168,122,2
65,124,186,1
132,165,234,1
162,164,122,2
13,10,6,2
37,38,6,2
178,176,128,2
167,166,115,2
49,91,150,1
201,199,164,2
172,169,125,2
110,218,242,2
180,177,133,2
52,91,146,1
159,157,103,2
153,155,103,2
76,35,12,2
138,134,85,2
163,168,113,2
54,55,21,2
170,197,253,1
155,158,119,2
163,165,119,2
110,113,64,2
171,169,121,2
136,139,83,2
199,197,162,2
172,169,124,2
223,223,223,2
95,89,154,2
129,141,147,2
163,161,107,2
3,0,179,2
133,173,225,1
124,168,215,1
91,140,216,1
181,178,133,2
255,255,255,2
193,191,150,2
105,226,245,2
63,120,181,1
201,199,164,2
153,193,255,1
58,57,47,2
167,166,116,2
91,89,35,2
201,200,162,2
99,104,59,2
51,99,163,1
63,63,23,2
178,175,130,2
52,54,18,2
169,168,124,2
255,0,255,2
131,131,247,2
75,74,24,2
89,122,185,1
175,173,125,2
184,181,137,2
178,174,126,2
202,200,165,2
157,161,125,2
20,10,194,2
234,191,158,2
182,179,135,2
110,152,205,1
198,198,158,2
195,192,154,2
87,243,213,2
41,95,155,1
191,190,152,2
20,17,2,2
31,163,16,2
151,151,103,2
138,138,84,2
60,63,24,2
117,118,62,2
246,131,94,2
118,119,63,2
165,166,127,2
160,164,123,2
186,174,132,2
178,175,130,2
179,176,132,2
32,176,27,2
62,76,134,1
153,188,232,1
55,111,170,1
164,160,112,2
177,176,126,2
41,223,253,2
80,80,34,2
142,154,218,1
30,31,5,2
161,164,125,2
39,34,31,2
74,71,50,2
115,118,68,2
0,190,0,2
136,166,231,1
158,155,104,2
204,214,254,1
53,56,17,2
139,141,89,2
12,11,0,2
141,139,85,2
145,148,103,2
49,46,18,2
231,206,204,2
108,61,33,2
141,141,87,2
87,85,31,2
178,175,131,2
68,70,18,2
190,190,150,2
163,161,113,2
172,172,118,2
44,98,153,1
138,144,91,2
193,193,153,2
0,0,0,2
195,195,155,2
178,176,128,2
195,196,154,2
135,133,79,2
22,16,3,2
173,170,125,2
230,159,96,2
34,33,5,2
76,89,127,1
27,75,57,2
54,59,20,2
184,184,136,2
124,74,8,2
44,69,133,1
155,158,103,2
188,189,150,2
130,133,84,2
7,5,4,2
0,1,5,2
113,116,67,2
20,17,2,2
214,211,213,2
152,155,110,2
201,200,162,2
64,131,188,1
255,255,245,2
160,185,241,1
138,137,81,2
126,126,126,2
93,160,255,2
52,54,24,2
128,164,228,1
136,139,90,2
101,103,51,2
169,169,123,2
106,117,231,2
200,198,163,2
176,177,133,2
33,35,6,2
53,57,22,2
200,198,163,2
57,59,23,2
55,42,250,2
34,34,22,2
32,16,153,2
177,174,129,2
46,92,146,1
180,177,133,2
144,146,94,2
154,155,105,2
216,178,66,2
110,108,43,2
197,197,161,2
199,121,68,2
233,101,84,2
22,23,7,2
174,172,124,2
198,198,158,2
183,173,126,2
55,102,158,1
109,149,214,1
89,47,255,2
129,177,243,1
61,62,20,2
184,184,138,2
181,175,134,2
202,200,165,2
2,3,0,2
174,172,124,2
165,163,109,2
147,168,22,2
180,179,128,2
158,157,123,2
155,157,105,2
183,179,138,2
60,59,38,2
63,124,192,1
173,173,125,2
195,208,210,2
95,92,41,2
91,66,246,2
179,176,132,2
179,179,131,2
86,88,36,2
198,198,158,2
185,93,134,2
176,143,97,2
93,43,21,2
0,128,0,2
162,169,126,2
157,166,109,2
180,179,135,2
245,250,249,2
136,147,155,2
180,177,132,2
180,180,132,2
147,168,22,2
4,4,4,2
182,179,135,2
52,117,95,2
33,35,23,2
161,165,130,2
45,46,44,2
172,168,120,2
105,139,198,1
187,186,142,2
158,162,126,2
161,165,130,2
87,33,22,2
159,183,229,1
0,137,106,2
188,186,146,2
122,163,212,1
193,190,145,2
184,182,134,2
198,198,158,2
0,255,0,2
109,158,126,2
34,33,19,2
61,65,23,2
202,201,163,2
108,9,107,2
171,170,120,2
45,46,12,2
63,68,23,2
177,174,129,2
165,163,115,2
78,85,128,1
172,169,124,2
179,176,132,2
199,197,162,2
175,173,125,2
146,142,93,2
87,29,17,2
136,137,97,2
177,191,244,1
52,52,52,2
0,255,0,2
153,156,111,2
172,171,137,2
119,123,81,2
60,63,24,2
231,214,201,2
172,178,131,2
191,191,145,2
165,184,235,1
163,183,231,1
179,178,134,2
142,144,144,2
179,176,131,2
59,124,198,1
14,14,0,2
3,3,0,2
70,124,187,1
130,161,230,1
47,48,46,2
203,212,255,1
59,61,25,2
101,156,229,1
60,62,20,2
139,139,85,2
168,184,227,1
127,130,85,2
153,157,116,2
2,0,0,2
164,164,118,2
156,195,255,1
147,92,215,2
198,198,158,2
135,178,229,1
123,114,110,2
174,171,126,2
138,141,92,2
150,153,104,2
187,183,194,2
76,79,30,2
48,107,157,1
135,138,89,2
143,165,230,1
172,170,136,2
16,7,188,2
117,159,226,1
174,172,124,2
156,176,231,1
175,191,238,1
178,146,141,2
32,33,7,2
87,90,35,2
138,137,87,2
172,96,150,2
131,161,226,1
130,130,130,2
5,7,0,2
185,187,145,2
61,61,21,2
169,165,130,2
1,1,1,2
87,41,7,2
171,172,122,2
65,68,23,2
39,40,8,2
53,105,158,1
183,182,138,2
119,122,72,2
111,151,209,1
172,171,121,2
146,189,252,1
133,133,93,2
35,36,10,2
54,105,167,1
79,80,30,2
77,80,31,2
141,188,250,1
50,92,145,1
134,135,85,2
203,202,168,2
152,172,227,1
143,162,23,2
55,96,141,1
56,87,72,2
60,61,21,2
167,165,117,2
181,178,134,2
0,0,1,2
177,174,129,2
198,196,161,2
138,140,88,2
205,204,170,2
179,176,131,2
185,184,134,2
77,80,31,2
97,149,220,1
171,170,120,2
201,200,162,2
177,176,132,2
0,0,1,2
170,184,237,1
195,194,156,2
62,62,48,2
94,10,0,2
177,177,131,2
30,29,3,2
178,176,128,2
160,165,133,2
144,164,229,1
15,14,0,2
167,163,114,2
177,145,96,2
164,161,110,2
138,139,89,2
52,57,18,2
5,4,0,2
133,177,241,1
192,192,152,2
92,98,151,1
100,111,73,2
234,126,114,2
160,197,255,1
150,169,22,2
63,109,173,1
179,177,129,2
198,198,158,2
146,164,225,1
72,70,29,2
64,64,18,2
198,196,161,2
39,84,135,1
0,0,0,2
1,1,1,2
158,159,127,2
201,199,164,2
198,198,158,2
67,119,186,1
181,177,136,2
128,130,88,2
178,178,132,2
174,172,124,2
180,178,137,2
46,44,13,2
156,173,222,1
145,187,254,1
95,96,146,1
66,74,43,2
231,121,127,2
164,163,113,2
74,86,140,1
143,146,100,2
169,167,119,2
182,180,132,2
77,77,23,2
50,122,192,1
195,193,152,2
56,96,138,1
74,83,126,1
183,182,131,2
186,180,137,2
2,19,10,2
74,76,30,2
132,129,74,2
191,194,169,2
177,145,102,2
118,117,59,2
179,173,130,2
52,56,20,2
97,145,223,1
204,202,171,2
101,96,157,2
180,178,137,2
81,53,213,2
9,12,10,2
158,162,120,2
132,135,86,2
2,2,2,2
34,36,7,2
111,110,52,2
204,203,169,2
179,177,129,2
182,179,135,2
76,78,32,2
130,172,219,1
143,146,101,2
145,146,96,2
88,93,38,2
90,88,34,2
196,195,157,2
180,180,134,2
54,58,22,2
107,149,214,1
162,160,112,2
155,192,254,1
159,174,223,1
84,92,132,1
197,196,158,2
54,105,167,1
61,120,190,1
178,178,132,2
122,155,224,1
205,203,169,2
173,172,122,2
197,196,158,2
162,160,112,2
172,187,236,1
139,144,93,2
2,2,0,2
179,176,131,2
156,160,119,2
83,117,187,1
94,103,153,1
18,16,0,2
150,187,255,1
168,202,255,1
84,84,36,2
2,0,0,2
255,0,128,2
141,140,84,2
180,177,132,2
172,168,120,2
180,177,133,2
13,15,0,2
239,229,229,2
120,156,220,1
167,164,113,2
152,103,189,2
138,139,89,2
164,166,114,2
201,199,164,2
174,175,133,2
112,149,205,1
157,161,125,2
101,108,163,1
153,152,96,2
131,130,74,2
97,155,227,1
39,39,9,2
0,0,255,2
0,0,255,2
172,171,121,2
134,169,225,1
132,164,229,1
77,89,125,1
96,89,150,2
203,201,167,2
181,178,133,2
197,205,252,1
158,160,114,2
141,177,237,1
159,161,115,2
174,170,122,2
181,181,133,2
91,93,34,2
60,64,23,2
76,79,33,2
64,66,37,2
118,123,61,2
153,194,255,1
143,162,229,1
175,174,123,2
180,179,135,2
187,187,141,2
172,172,126,2
180,181,125,2
65,129,200,1
78,89,127,1
195,194,156,2
205,204,170,2
186,185,141,2
39,40,6,2
142,145,96,2
12,124,12,2
5,3,3,2
128,131,186,1
182,181,131,2
151,152,102,2
114,90,78,2
178,178,132,2
108,111,62,2
83,85,33,2
75,140,114,2
118,155,217,1
78,87,125,1
139,164,228,1
141,140,84,2
50,111,179,1
143,166,228,1
4,0,0,2
179,176,132,2
176,175,131,2
143,179,249,1
128,132,91,2
12,12,6,2
99,138,212,1
157,155,101,2
108,142,202,1
194,193,155,2
102,103,47,2
15,14,0,2
199,197,163,2
121,156,220,1
196,195,157,2
53,58,19,2
200,198,164,2
11,12,3,2
146,145,87,2
162,165,115,2
167,163,115,2
80,80,32,2
104,139,202,1
127,161,215,1
179,176,131,2
163,162,112,2
148,150,104,2
109,150,219,1
65,67,25,2
170,184,237,1
16,7,188,2
66,71,26,2
52,100,148,1
158,161,122,2
114,145,206,1
183,157,117,2
172,171,121,2
143,141,87,2
189,207,254,1
147,171,231,1
72,72,36,2
83,89,132,1
91,66,246,2
52,53,19,2
202,200,165,2
50,70,128,1
94,70,48,2
175,172,127,2
192,190,149,2
0,2,184,2
142,141,85,2
78,88,128,1
63,64,22,2
122,123,61,2
42,42,24,2
99,145,222,1
15,16,6,2
13,30,16,2
61,61,25,2
64,65,21,2
201,200,162,2
26,27,18,2
136,90,66,2
105,93,105,2
170,169,119,2
15,13,2,2
31,32,6,2
205,204,170,2
57,98,147,1
64,65,23,2
218,178,82,2
165,179,227,1
112,151,219,1
42,57,43,2
182,176,131,2
23,24,8,2
4,4,0,2
127,0,130,2
80,79,28,2
86,87,37,2
32,33,7,2
0,1,0,2
155,159,123,2
117,63,133,2
185,179,136,2
162,166,124,2
177,174,130,2
138,139,89,2
179,177,129,2
181,178,134,2
136,139,90,2
198,198,158,2
77,81,40,2
113,115,63,2
154,158,116,2
153,156,106,2
170,164,121,2
201,200,162,2
187,182,137,2
190,189,151,2
86,179,234,2
72,83,121,1
147,145,91,2
68,70,24,2
172,171,121,2
187,177,137,2
61,62,22,2
127,130,185,1
198,198,158,2
81,182,237,2
172,169,124,2
148,151,102,2
103,101,77,2
113,130,187,1
255,0,128,2
128,131,86,2
51,53,17,2
82,79,51,2
56,101,152,1
6,12,1,2
167,181,234,1
140,139,83,2
4,0,72,2
121,158,216,1
126,169,218,1
129,162,231,1
164,163,113,2
10,255,252,2
175,173,125,2
138,141,92,2
88,135,217,1
14,119,8,2
255,0,128,2
235,242,245,2
54,57,25,2
99,147,219,1
199,197,163,2
146,64,52,2
167,167,119,2
255,128,0,2
116,119,69,2
182,179,135,2
120,153,222,1
201,200,162,2
46,99,149,1
164,168,133,2
83,80,29,2
154,188,248,1
133,169,223,1
6,4,157,2
165,163,115,2
154,153,103,2
150,68,56,2
180,176,128,2
170,168,120,2
108,94,106,2
179,176,131,2
194,163,72,2
167,168,124,2
41,42,8,2
170,185,234,1
15,14,4,2
205,204,170,2
159,163,128,2
122,125,180,1
167,166,116,2
126,172,226,1
180,177,133,2
181,181,135,2
205,204,170,2
47,98,148,1
184,181,136,2
200,199,161,2
11,11,5,2
239,120,88,2
255,255,255,2
2,131,254,2
184,182,134,2
177,193,240,1
55,56,22,2
180,180,134,2
168,169,119,2
201,200,162,2
123,126,181,1
70,116,180,1
16,7,188,2
178,176,128,2
51,56,17,2
185,185,139,2
110,106,57,2
182,179,135,2
171,189,230,1
202,200,165,2
29,28,8,2
158,194,254,1
63,68,23,2
117,153,213,1
11,11,0,2
52,53,19,2
201,200,162,2
47,102,153,1
163,180,223,1
169,185,238,1
60,60,20,2
49,53,28,2
158,161,122,2
232,94,75,2
21,18,0,2
4,0,72,2
190,189,145,2
200,198,163,2
21,79,51,2
181,178,134,2
195,194,160,2
34,35,9,2
0,1,0,2
132,135,96,2
180,177,133,2
148,150,104,2
183,184,140,2
109,112,63,2
180,179,135,2
174,172,124,2
244,233,229,2
57,101,154,1
203,202,168,2
140,139,81,2
159,162,123,2
182,183,141,2
136,139,89,2
198,196,161,2
199,198,160,2
179,176,132,2
169,169,123,2
141,177,225,1
117,151,204,1
84,93,130,1
158,161,122,2
255,255,255,2
165,168,129,2
153,156,111,2
105,133,164,1
174,172,124,2
176,173,129,2
20,17,2,2
89,160,97,2
197,197,157,2
223,152,84,2
197,196,158,2
184,182,134,2
196,195,157,2
16,7,188,2
188,188,140,2
53,54,20,2
236,194,159,2
69,71,25,2
178,176,128,2
199,197,163,2
45,93,145,1
178,175,131,2
174,190,233,1
19,18,4,2
132,138,85,2
165,164,113,2
63,63,23,2
156,162,167,2
181,179,138,2
1,2,0,2
180,181,139,2
92,140,218,1
147,149,97,2
166,163,112,2
182,181,137,2
226,159,98,2
142,145,96,2
202,201,163,2
181,181,135,2
234,191,158,2
157,157,111,2
75,78,29,2
61,60,16,2
141,140,82,2
199,197,162,2
155,159,124,2
68,70,24,2
116,115,57,2
136,169,219,1
23,34,14,2
132,134,92,2
93,92,41,2
155,158,113,2
176,173,128,2
59,62,17,2
2,2,2,2
49,103,156,1
53,57,21,2
180,179,135,2
49,90,139,1
133,173,225,1
123,122,64,2
121,154,217,1
15,14,0,2
162,166,131,2
76,87,125,1
136,138,92,2
184,182,134,2
170,168,120,2
179,176,132,2
124,158,228,1
173,174,132,2
158,160,118,2
174,172,141,2
20,16,15,2
234,243,247,2
74,57,224,2
196,205,249,1
129,132,87,2
150,150,102,2
20,19,0,2
186,186,146,2
165,164,114,2
53,85,134,1
179,177,143,2
170,185,231,1
241,229,225,2
160,163,124,2
255,243,200,2
118,120,68,2
36,37,5,2
55,56,24,2
52,53,14,2
2,0,0,2
179,176,131,2
181,179,138,2
126,126,66,2
197,195,160,2
205,204,170,2
168,181,233,1
37,37,19,2
206,217,255,1
72,115,124,2
190,192,163,2
9,5,0,2
119,156,214,1
159,162,123,2
38,39,0,2
180,177,133,2
175,173,125,2
114,155,217,1
53,57,22,2
198,198,158,2
56,114,179,1
178,178,130,2
158,159,127,2
179,166,122,2
166,166,118,2
200,198,163,2
64,63,25,2
204,203,169,2
70,26,247,2
123,144,196,1
175,174,123,2
0,3,181,2
2,1,3,2
158,162,127,2
160,163,124,2
81,90,34,2
54,55,23,2
195,193,158,2
140,180,229,1
106,67,53,2
171,171,125,2
177,175,127,2
247,238,228,2
171,182,226,1
55,56,22,2
200,197,159,2
37,37,7,2
34,34,4,2
183,182,138,2
33,32,22,2
178,175,131,2
0,2,0,2
182,182,136,2
150,153,104,2
152,153,167,2
72,68,27,2
155,158,113,2
63,126,194,1
0,186,0,2
163,162,112,2
98,102,155,1
152,156,114,2
235,195,160,2
182,180,132,2
167,182,231,1
15,14,0,2
67,68,29,2
140,160,17,2
229,208,206,2
179,176,131,2
158,174,227,1
179,176,131,2
167,181,230,1
78,77,49,2
115,144,218,1
130,129,78,2
30,31,5,2
173,172,122,2
32,113,18,2
204,202,168,2
201,200,162,2
183,179,138,2
255,0,128,2
53,54,20,2
7,7,0,2
191,189,149,2
140,142,90,2
199,197,163,2
170,168,128,2
167,165,111,2
72,72,18,2
140,142,90,2
176,174,126,2
179,177,129,2
37,40,15,2
126,168,221,1
182,181,137,2
66,67,23,2
128,128,128,2
20,19,9,2
198,196,162,2
149,132,255,2
163,167,132,2
15,14,0,2
182,178,137,2
175,166,116,2
1,135,105,2
178,175,130,2
121,154,217,1
155,158,119,2
48,102,157,1
56,105,161,1
73,83,123,1
180,177,133,2
43,96,146,1
99,148,222,1
40,102,90,2
55,56,24,2
58,59,19,2
229,228,230,2
152,47,152,2
32,34,4,2
145,148,93,2
52,52,52,2
173,172,122,2
172,168,119,2
207,216,254,1
180,179,135,2
180,173,130,2
112,224,246,2
109,230,250,2
9,8,4,2
133,172,224,1
7,8,0,2
71,55,26,2
80,86,127,1
127,130,74,2
0,1,0,2
232,132,197,2
157,159,113,2
133,134,94,2
149,192,249,1
140,143,97,2
151,154,105,2
49,52,13,2
199,125,69,2
184,182,142,2
79,88,126,1
185,183,135,2
53,53,17,2
84,54,213,2
172,171,121,2
43,95,155,1
172,170,122,2
51,24,218,2
162,160,112,2
176,174,126,2
31,32,6,2
195,194,156,2
147,149,97,2
255,152,101,2
199,198,160,2
120,121,71,2
24,24,6,2
34,33,5,2
187,185,144,2
183,185,143,2
24,17,8,2
97,96,40,2
119,130,188,1
30,37,22,2
119,157,211,1
255,215,228,2
150,150,102,2
39,39,23,2
255,0,128,2
138,140,94,2
166,162,113,2
166,166,118,2
92,91,40,2
59,58,14,2
86,94,134,1
41,39,8,2
74,76,30,2
152,187,221,1
168,169,119,2
128,130,164,2
152,168,221,1
192,191,153,2
153,154,104,2
173,172,122,2
57,57,45,2
201,199,164,2
153,198,142,2
105,91,103,2
138,178,243,1
7,5,0,2
191,191,145,2
74,77,31,2
131,165,224,1
168,184,227,1
138,139,89,2
134,135,245,2
109,110,60,2
109,217,241,2
114,115,65,2
126,164,222,1
180,178,137,2
169,168,118,2
150,188,252,1
176,190,242,1
174,173,123,2
68,94,134,1
57,58,18,2
190,89,121,2
78,84,127,1
0,3,0,2
133,156,17,2
168,169,119,2
200,198,163,2
0,0,0,2
59,108,154,1
6,2,1,2
145,143,89,2
144,143,123,2
165,162,117,2
111,112,62,2
78,77,27,2
76,83,126,1
43,255,244,2
15,14,0,2
198,197,163,2
72,27,6,2
61,54,39,2
173,170,125,2
175,173,125,2
177,175,127,2
136,139,89,2
69,63,50,2
145,154,218,1
150,164,116,2
129,171,218,1
59,59,45,2
100,146,223,1
14,8,187,2
101,98,43,2
171,170,119,2
61,122,186,1
61,64,19,2
158,162,126,2
113,152,214,1
183,183,129,2
179,176,131,2
5,6,2,2
182,178,137,2
126,160,226,1
162,163,129,2
110,109,53,2
198,196,161,2
68,70,24,2
136,177,226,1
137,166,233,1
120,114,101,2
73,117,180,1
175,173,125,2
6,4,4,2
145,144,88,2
53,114,180,1
63,68,23,2
52,53,13,2
74,48,48,2
21,18,4,2
180,179,135,2
129,129,129,2
128,129,87,2
147,145,91,2
210,193,184,2
150,48,150,2
178,178,130,2
179,177,129,2
81,85,33,2
241,233,226,2
147,188,251,1
20,17,2,2
78,87,131,1
51,53,17,2
164,163,113,2
22,16,3,2
116,154,219,1
199,195,160,2
110,228,253,2
58,82,74,2
195,193,158,2
126,125,67,2
165,169,133,2
105,133,113,2
162,165,126,2
165,164,114,2
150,188,252,1
158,154,119,2
115,148,204,1
182,181,137,2
67,68,24,2
158,163,124,2
255,255,128,2
94,146,222,1
0,0,255,2
79,81,29,2
198,198,158,2
201,199,159,2
140,139,88,2
171,167,119,2
57,62,11,2
0,11,239,2
34,38,19,2
79,34,251,2
178,176,128,2
92,137,218,1
15,6,186,2
194,194,154,2
205,204,170,2
180,179,135,2
165,163,115,2
179,176,132,2
34,33,7,2
198,196,162,2
70,126,181,1
192,193,151,2
164,162,114,2
102,89,103,2
176,177,127,2
57,102,153,1
117,123,176,1
52,54,18,2
201,202,170,2
132,170,224,1
172,168,119,2
172,183,235,1
59,60,26,2
57,177,146,2
72,84,124,1
141,140,84,2
105,136,199,1
53,105,165,1
176,190,238,1
183,182,138,2
172,168,119,2
38,34,10,2
179,179,163,2
205,204,170,2
200,198,163,2
234,163,89,2
169,177,130,2
54,58,23,2
75,83,123,1
199,197,162,2
146,159,221,1
163,161,113,2
163,165,129,2
157,159,113,2
2,3,1,2
14,10,235,2
109,107,59,2
55,115,181,1
204,202,167,2
130,160,225,1
152,190,254,1
150,95,218,2
46,103,255,2
189,190,148,2
165,164,114,2
198,197,159,2
122,152,217,1
51,50,16,2
93,139,216,1
54,55,21,2
97,90,151,2
115,116,66,2
117,118,68,2
186,185,141,2
134,137,92,2
61,61,61,2
102,103,41,2
91,90,64,2
149,151,99,2
139,142,93,2
103,94,97,2
121,159,213,1
177,173,132,2
63,49,207,2
136,139,90,2
179,176,132,2
162,162,126,2
59,107,171,1
78,176,236,2
179,179,131,2
187,184,140,2
71,37,255,2
0,1,2,2
44,88,142,1
17,17,1,2
163,162,112,2
161,165,123,2
145,143,89,2
57,59,23,2
167,167,119,2
93,137,221,1
4,2,1,2
149,148,92,2
172,170,122,2
183,182,138,2
90,143,223,1
134,135,101,2
55,127,199,1
180,177,132,2
199,197,163,2
200,198,163,2
36,79,58,2
50,112,183,1
3,0,4,2
173,172,122,2
80,51,208,2
139,142,103,2
56,58,22,2
180,179,135,2
177,174,129,2
62,123,189,1
165,165,117,2
205,204,170,2
185,185,139,2
159,163,121,2
151,151,103,2
193,194,155,2
162,163,129,2
197,195,161,2
125,111,152,2
139,140,90,2
175,173,125,2
84,92,132,1
156,159,127,2
215,217,227,2
20,11,192,2
126,128,82,2
192,193,151,2
122,158,228,1
167,163,114,2
198,199,155,2
79,111,186,1
237,199,164,2
68,69,27,2
168,167,117,2
164,163,112,2
152,191,145,2
55,21,222,2
197,197,157,2
182,183,141,2
61,61,21,2
170,169,131,2
199,197,163,2
59,118,174,1
86,125,200,1
41,113,255,2
23,23,0,2
76,79,40,2
114,158,211,1
190,189,145,2
105,132,188,1
44,48,43,2
130,167,227,1
139,141,89,2
183,182,138,2
60,58,18,2
182,179,135,2
168,166,112,2
54,54,54,2
142,139,88,2
55,54,16,2
106,123,226,2
177,174,129,2
92,136,225,1
57,59,23,2
86,133,201,1
199,198,160,2
116,106,149,2
125,133,86,2
165,165,119,2
62,123,191,1
146,203,148,2
100,95,156,2
61,55,18,2
178,175,131,2
192,193,151,2
171,185,238,1
139,141,105,2
165,165,119,2
83,33,15,2
113,144,205,1
197,193,158,2
67,100,146,1
158,195,255,1
197,196,158,2
243,248,251,2
255,128,0,2
185,185,145,2
178,175,131,2
155,154,98,2
128,130,88,2
136,177,250,1
194,194,154,2
33,35,13,2
112,110,56,2
129,132,87,2
68,69,25,2
187,185,144,2
58,51,226,2
172,171,121,2
81,50,205,2
160,159,155,2
68,68,28,2
56,58,22,2
52,53,19,2
190,190,154,2
104,146,213,1
255,0,0,2
60,115,172,1
177,174,129,2
41,87,134,1
59,117,176,1
93,134,219,1
51,53,17,2
174,170,122,2
146,150,201,2
20,18,0,2
93,91,37,2
237,162,153,2
164,160,112,2
114,211,207,2
139,138,82,2
49,168,90,2
226,68,45,2
90,68,247,2
184,178,143,2
55,56,22,2
140,140,86,2
102,101,50,2
191,206,252,1
186,184,144,2
62,66,25,2
122,121,63,2
195,194,156,2
4,1,170,2
158,195,255,1
181,181,135,2
2,3,0,2
141,140,84,2
3,2,0,2
79,47,206,2
178,178,132,2
113,115,56,2
0,150,251,2
158,161,112,2
174,170,122,2
0,0,0,2
65,72,35,2
180,179,135,2
165,163,115,2
62,66,25,2
75,77,31,2
156,174,233,1
115,116,74,2
172,184,232,1
104,142,220,1
141,143,77,2
53,57,21,2
185,184,140,2
87,85,31,2
52,56,21,2
63,61,43,2
179,176,131,2
149,171,23,2
155,159,118,2
102,106,157,1
148,150,98,2
200,198,164,2
54,56,14,2
165,164,113,2
248,250,250,2
95,142,223,1
173,171,131,2
188,186,146,2
75,81,126,1
118,76,9,2
199,197,163,2
163,162,112,2
179,180,138,2
176,195,233,1
26,88,76,2
179,176,131,2
173,174,132,2
117,155,219,1
164,162,114,2
140,143,98,2
90,68,247,2
178,178,132,2
121,61,49,2
145,145,91,2
125,157,228,1
183,180,135,2
141,139,85,2
171,168,113,2
104,81,250,2
138,175,231,1
60,62,26,2
115,115,55,2
54,124,194,1
178,176,128,2
39,115,255,2
11,12,2,2
193,192,201,2
239,228,214,2
180,180,134,2
86,125,193,1
160,161,121,2
172,169,124,2
165,163,115,2
199,197,163,2
204,213,255,1
145,143,89,2
72,70,52,2
212,104,103,2
4,4,0,2
177,174,129,2
64,64,18,2
190,188,148,2
150,150,102,2
101,102,76,2
178,102,183,2
180,177,132,2
176,173,129,2
125,164,216,1
180,172,125,2
80,90,137,1
225,154,86,2
199,197,163,2
60,103,154,1
248,250,250,2
42,60,47,2
158,162,127,2
49,101,161,1
163,161,113,2
172,172,132,2
127,158,227,1
5,3,2,2
175,173,125,2
111,159,217,1
74,77,28,2
146,146,86,2
172,188,241,1
172,168,119,2
55,59,23,2
248,250,250,2
40,40,34,2
226,155,88,2
160,158,104,2
56,121,190,1
149,147,93,2
198,196,161,2
80,51,200,2
191,191,151,2
50,51,7,2
180,177,132,2
69,70,26,2
132,141,91,2
145,143,89,2
255,0,255,2
144,179,223,1
152,190,254,1
52,56,15,2
117,150,219,1
176,176,130,2
49,53,34,2
80,79,58,2
194,192,151,2
194,194,154,2
93,86,153,2
181,173,133,2
159,163,127,2
77,84,127,1
195,193,153,2
200,198,163,2
5,6,2,2
130,164,230,1
178,176,128,2
77,84,127,1
165,164,114,2
13,46,31,2
62,21,237,2
198,198,158,2
34,36,7,2
63,65,29,2
129,131,185,1
199,197,162,2
157,162,123,2
134,135,91,2
178,175,131,2
172,168,119,2
138,143,92,2
201,200,162,2
45,106,255,2
189,156,153,2
121,122,60,2
57,105,169,1
174,190,179,2
198,198,158,2
97,147,223,1
134,130,95,2
55,56,24,2
54,106,166,1
44,95,158,1
196,122,66,2
129,81,9,2
161,165,124,2
171,172,130,2
171,185,238,1
191,189,148,2
65,62,18,2
53,56,24,2
101,96,157,2
197,195,160,2
177,174,129,2
132,133,94,2
201,200,162,2
123,146,226,1
197,196,158,2
98,148,224,1
162,165,126,2
227,153,87,2
179,176,131,2
61,65,24,2
180,177,132,2
134,131,163,2
177,174,129,2
204,202,168,2
144,142,102,2
30,31,11,2
199,197,162,2
30,30,18,2
133,166,222,1
172,171,121,2
19,16,2,2
127,130,85,2
103,105,63,2
2,0,178,2
172,171,121,2
183,181,133,2
205,204,170,2
197,197,157,2
29,31,19,2
113,149,213,1
164,162,114,2
205,204,170,2
54,107,164,1
178,177,127,2
126,166,219,1
148,147,97,2
157,161,125,2
211,223,229,2
80,83,28,2
198,198,158,2
9,12,10,2
162,160,112,2
60,121,185,1
176,173,129,2
16,121,10,2
179,177,129,2
3,2,0,2
97,106,156,1
115,93,81,2
164,162,114,2
100,147,221,1
155,156,106,2
178,175,130,2
134,162,227,1
169,182,228,1
203,209,255,1
164,152,180,2
69,72,27,2
163,162,112,2
171,171,125,2
132,131,75,2
192,191,153,2
0,0,255,2
3,4,2,2
96,135,80,2
195,121,65,2
133,138,87,2
28,27,1,2
168,163,114,2
179,178,134,2
88,150,72,2
113,139,199,1
16,7,188,2
177,175,127,2
182,179,135,2
204,210,255,1
160,164,129,2
175,101,173,2
114,216,211,2
53,52,14,2
179,176,132,2
159,163,121,2
196,195,157,2
80,81,31,2
186,184,143,2
179,178,134,2
123,126,181,1
148,148,94,2
129,129,129,2
37,36,2,2
125,133,86,2
139,178,223,1
5,4,0,2
58,99,148,1
186,185,141,2
26,23,18,2
153,176,232,1
160,163,124,2
90,88,47,2
175,173,125,2
172,187,233,1
180,178,130,2
162,205,160,2
0,184,0,2
163,168,136,2
160,158,104,2
5,3,2,2
170,143,99,2
140,142,90,2
143,142,86,2
81,79,45,2
202,200,165,2
49,69,126,1
180,94,148,2
164,163,113,2
181,180,136,2
95,93,62,2
182,179,135,2
113,116,171,1
156,159,120,2
26,109,187,2
87,140,221,1
18,32,21,2
131,134,88,2
67,104,184,1
185,183,135,2
147,186,254,1
242,221,223,2
201,203,211,2
149,151,99,2
199,197,163,2
148,180,221,1
173,169,128,2
166,166,118,2
53,58,19,2
105,103,85,2
65,65,65,2
164,163,113,2
82,110,140,1
117,100,151,2
198,195,164,2
55,59,23,2
201,199,164,2
183,183,137,2
192,192,152,2
178,177,133,2
158,162,126,2
114,110,86,2
234,217,77,2
180,178,137,2
198,198,158,2
188,187,153,2
60,121,185,1
164,162,114,2
18,20,1,2
95,145,221,1
97,97,43,2
65,123,188,1
126,158,224,1
198,196,161,2
52,54,18,2
200,198,163,2
135,137,101,2
183,180,135,2
148,191,254,1
196,195,157,2
196,195,157,2
61,118,255,2
150,151,101,2
30,30,18,2
171,170,120,2
14,13,0,2
145,189,120,2
62,67,22,2
76,76,22,2
207,218,255,1
231,215,92,2
199,197,163,2
181,178,134,2
46,92,139,1
164,163,112,2
177,176,132,2
141,142,92,2
188,189,145,2
165,84,141,2
164,163,113,2
182,179,135,2
64,97,147,1
140,159,226,1
98,145,219,1
98,138,196,1
130,133,94,2
121,159,224,1
152,178,225,1
163,162,112,2
176,144,101,2
62,63,19,2
48,50,4,2
67,68,26,2
91,97,150,1
4,4,0,2
147,190,253,1
255,131,93,2
97,150,223,1
172,171,121,2
76,79,30,2
200,198,163,2
247,249,249,2
196,192,157,2
185,184,134,2
109,108,50,2
111,114,65,2
89,67,246,2
134,136,94,2
98,143,200,1
164,178,230,1
49,87,135,1
47,90,141,1
23,52,29,2
109,150,213,1
116,160,30,2
108,144,220,1
184,189,174,2
177,176,132,2
171,169,128,2
98,104,157,1
136,138,92,2
114,112,58,2
105,106,64,2
20,16,5,2
5,4,0,2
117,71,160,2
6,6,0,2
78,87,125,1
60,108,172,1
28,25,4,2
178,175,130,2
163,162,112,2
172,170,122,2
237,245,252,2
127,133,84,2
140,144,95,2
205,203,169,2
13,11,0,2
15,15,1,2
173,172,121,2
181,179,131,2
157,161,120,2
178,175,130,2
88,90,38,2
181,180,136,2
81,84,35,2
199,197,162,2
109,120,232,2
199,197,162,2
41,45,26,2
45,92,143,1
230,214,208,2
174,171,126,2
122,125,180,1
124,161,213,1
66,64,24,2
149,154,109,2
128,255,0,2
65,66,24,2
165,165,117,2
136,139,90,2
158,161,122,2
45,46,14,2
69,70,26,2
208,211,216,2
145,144,88,2
39,39,9,2
210,216,251,1
145,90,213,2
55,53,22,2
21,66,47,2
38,34,9,2
119,158,213,1
62,63,29,2
149,152,106,2
16,11,12,2
230,207,199,2
175,178,183,2
128,81,89,2
173,172,122,2
141,141,87,2
162,163,124,2
151,150,94,2
56,92,140,1
1,129,0,2
125,163,217,1
174,172,124,2
18,27,7,2
66,64,23,2
148,173,237,1
124,168,222,1
170,169,119,2
178,176,128,2
132,135,86,2
169,166,121,2
128,128,128,2
24,28,0,2
152,153,103,2
139,138,80,2
53,54,20,2
141,143,101,2
155,159,118,2
176,174,126,2
198,194,159,2
178,175,130,2
76,78,32,2
65,70,25,2
54,55,21,2
176,169,119,2
1,185,1,2
156,156,102,2
80,81,31,2
93,210,187,2
162,178,221,1
3,1,1,2
40,39,18,2
52,56,20,2
4,2,2,2
84,181,237,2
54,84,139,1
36,91,148,1
184,181,137,2
160,163,114,2
15,15,0,2
17,12,14,2
57,118,184,1
156,160,119,2
171,170,120,2
161,168,225,1
77,80,34,2
255,128,0,2
173,172,122,2
182,183,141,2
54,55,21,2
180,179,135,2
136,139,90,2
39,39,9,2
142,141,83,2
205,204,170,2
185,184,140,2
174,172,124,2
176,174,126,2
101,150,224,1
78,76,22,2
55,20,7,2
151,154,108,2
179,177,129,2
111,114,59,2
181,178,134,2
144,143,87,2
57,108,158,1
169,170,126,2
15,15,9,2
242,156,144,2
79,83,41,2
200,210,250,1
200,198,163,2
44,46,26,2
230,232,232,2
63,68,23,2
172,171,121,2
142,183,252,1
192,192,152,2
182,179,135,2
174,190,233,1
120,108,108,2
184,183,139,2
201,199,164,2
138,139,89,2
139,139,85,2
201,198,160,2
52,51,13,2
141,178,238,1
232,188,151,2
219,227,226,2
93,95,49,2
52,56,20,2
249,251,251,2
173,172,122,2
180,178,130,2
42,108,255,2
54,94,142,1
1,1,1,2
143,187,241,1
184,181,136,2
96,149,222,1
184,181,136,2
149,193,247,1
219,204,188,2
180,179,135,2
156,193,255,1
79,87,127,1
104,149,223,1
186,185,141,2
222,227,230,2
88,135,216,1
90,139,215,1
79,82,33,2
97,148,221,1
102,155,222,1
81,90,128,1
121,133,139,2
143,145,93,2
50,52,16,2
64,118,181,1
156,153,102,2
33,75,44,2
140,139,88,2
76,83,122,1
92,10,0,2
119,156,218,1
62,119,175,1
164,162,114,2
191,190,152,2
201,200,162,2
14,22,11,2
60,59,21,2
170,166,118,2
131,134,88,2
200,198,163,2
198,197,159,2
138,140,88,2
200,198,163,2
16,12,1,2
169,168,118,2
4,1,0,2
185,184,140,2
168,165,114,2
76,75,54,2
31,62,35,2
101,153,223,1
97,140,213,1
56,61,22,2
4,5,3,2
178,179,135,2
26,24,6,2
196,195,157,2
106,148,223,1
177,174,129,2
113,153,211,1
174,172,124,2
182,179,135,2
20,17,2,2
173,168,129,2
191,190,152,2
67,68,26,2
123,82,87,2
255,128,0,2
182,179,135,2
97,146,222,1
81,157,126,2
79,50,207,2
143,165,230,1
182,179,134,2
178,178,132,2
22,140,21,2
6,255,255,2
53,53,17,2
176,175,125,2
97,137,226,1
200,195,164,2
177,174,129,2
127,126,68,2
229,213,206,2
156,156,126,2
67,70,54,2
69,69,33,2
51,82,133,1
22,21,17,2
167,166,116,2
103,104,60,2
4,0,0,2
60,121,185,1
172,170,122,2
179,177,136,2
37,33,4,2
158,156,102,2
173,172,122,2
146,144,90,2
178,175,130,2
199,195,160,2
105,123,100,2
33,32,4,2
157,173,219,1
84,123,191,1
143,142,228,2
209,215,220,2
140,140,86,2
138,132,95,2
102,31,28,2
47,103,158,1
140,184,248,1
69,71,25,2
58,56,45,2
143,141,87,2
24,24,8,2
57,59,23,2
74,76,34,2
179,176,132,2
118,117,59,2
178,176,128,2
104,146,211,1
96,90,155,2
60,61,21,2
139,142,93,2
177,174,129,2
87,138,200,1
154,176,234,1
170,169,119,2
163,179,226,1
178,175,131,2
198,198,158,2
137,157,214,1
205,204,170,2
154,155,105,2
126,129,80,2
137,139,87,2
43,29,215,2
177,176,126,2
82,46,254,2
90,139,215,1
166,165,121,2
5,5,0,2
74,77,31,2
150,147,102,2
114,113,55,2
26,24,6,2
179,176,131,2
42,96,151,1
65,68,13,2
120,191,124,2
2,0,0,2
174,175,125,2
171,172,122,2
109,150,213,1
121,144,212,1
4,182,0,2
186,185,141,2
54,91,141,1
173,172,122,2
179,179,139,2
199,197,162,2
43,45,16,2
163,164,120,2
94,95,69,2
196,194,159,2
179,176,131,2
0,0,255,2
159,155,106,2
169,165,130,2
99,102,47,2
128,130,184,1
201,199,164,2
197,208,252,1
53,86,135,1
41,42,40,2
3,4,0,2
135,135,135,2
142,141,83,2
162,172,232,1
55,56,22,2
181,178,134,2
171,185,238,1
54,47,238,2
178,176,128,2
226,207,202,2
92,32,20,2
168,168,122,2
23,88,63,2
183,180,135,2
205,216,254,1
151,153,101,2
181,175,132,2
246,131,86,2
114,114,54,2
80,89,127,1
171,170,119,2
46,174,33,2
142,159,222,1
115,150,216,1
42,92,68,2
89,171,255,2
173,187,240,1
137,135,81,2
175,172,127,2
33,36,11,2
180,177,133,2
30,143,206,2
113,159,217,1
131,131,131,2
161,162,123,2
156,159,114,2
66,68,26,2
137,179,244,1
56,114,180,1
165,163,115,2
186,172,160,2
18,15,0,2
121,162,224,1
39,81,123,1
78,48,255,2
7,4,0,2
155,155,101,2
180,178,137,2
184,183,139,2
249,250,246,2
109,150,213,1
79,81,35,2
157,159,107,2
140,167,231,1
159,157,103,2
255,255,128,2
185,183,135,2
172,168,119,2
173,171,123,2
3,2,6,2
190,188,153,2
53,57,22,2
199,198,160,2
135,133,79,2
153,156,111,2
131,76,95,2
139,141,89,2
198,197,163,2
199,197,162,2
152,189,223,1
180,178,130,2
106,112,165,1
47,50,34,2
165,165,117,2
136,137,87,2
51,103,156,1
19,19,13,2
145,146,114,2
235,120,87,2
255,0,128,2
187,195,248,1
150,153,107,2
167,181,234,1
21,12,2,2
193,192,154,2
84,87,38,2
101,145,222,1
157,159,117,2
165,163,115,2
201,201,161,2
78,81,65,2
163,167,132,2
99,142,209,1
194,193,155,2
199,207,254,1
163,182,239,1
115,114,56,2
137,140,138,2
178,178,132,2
61,65,24,2
186,189,163,2
175,181,134,2
151,151,91,2
0,18,155,2
144,181,225,1
159,157,103,2
157,160,114,2
56,78,144,1
166,167,117,2
53,57,32,2
26,24,13,2
125,158,214,1
119,145,222,1
94,137,216,1
56,44,198,2
73,75,33,2
164,163,112,2
182,183,117,2
16,251,254,2
200,199,203,2
173,173,125,2
106,109,60,2
19,16,1,2
69,72,27,2
200,198,163,2
51,53,17,2
9,10,1,2
182,179,135,2
122,154,219,1
61,122,188,1
53,57,22,2
155,190,230,1
13,7,186,2
174,172,124,2
64,62,21,2
134,178,242,1
51,77,59,2
57,98,147,1
55,59,18,2
130,133,188,1
164,162,114,2
56,55,41,2
175,172,127,2
201,199,164,2
118,148,207,1
131,162,223,1
155,152,107,2
55,56,24,2
179,177,129,2
158,161,122,2
172,170,122,2
96,147,227,1
144,143,87,2
107,108,58,2
255,254,255,2
16,16,10,2
0,0,1,2
31,29,5,2
201,200,162,2
124,175,37,2
42,96,156,1
75,88,126,1
2,1,3,2
52,56,21,2
149,173,219,1
112,166,229,1
23,23,5,2
172,169,124,2
92,90,36,2
198,198,158,2
173,173,127,2
38,109,255,2
136,177,239,1
181,180,136,2
20,17,2,2
175,166,122,2
124,155,224,1
125,127,98,2
100,142,217,1
92,136,219,1
180,179,135,2
175,173,125,2
157,161,125,2
232,217,208,2
165,161,112,2
153,156,107,2
2,2,2,2
82,90,130,1
140,138,84,2
76,79,30,2
69,65,17,2
126,128,182,1
178,187,120,2
133,131,77,2
157,161,125,2
204,229,201,2
67,68,28,2
56,120,184,1
58,58,18,2
12,253,245,2
197,195,161,2
175,172,127,2
133,169,223,1
159,163,121,2
148,150,104,2
134,174,226,1
2,4,0,2
143,185,228,1
153,156,117,2
52,103,69,2
253,133,111,2
172,170,122,2
153,159,124,2
5,4,0,2
69,71,25,2
83,85,33,2
130,77,91,2
200,198,163,2
149,168,22,2
76,79,30,2
136,139,90,2
67,68,24,2
176,174,126,2
141,144,98,2
59,132,116,2
171,170,120,2
202,201,163,2
89,89,59,2
54,55,21,2
180,180,132,2
174,170,121,2
19,16,1,2
172,169,124,2
103,153,219,1
160,161,127,2
10,11,7,2
137,134,83,2
41,93,146,1
151,154,185,2
180,178,130,2
23,24,4,2
162,160,112,2
185,183,152,2
44,45,5,2
199,197,162,2
180,177,132,2
134,136,100,2
48,45,238,2
45,99,152,1
153,164,226,1
144,146,104,2
138,137,79,2
12,14,0,2
64,125,191,1
75,84,127,1
241,227,221,2
128,170,223,1
170,169,119,2
45,95,148,1
133,136,110,2
178,175,131,2
136,137,95,2
64,113,175,1
89,92,76,2
16,56,162,2
159,160,126,2
90,94,42,2
66,121,178,1
2,0,0,2
42,89,150,1
60,63,18,2
100,106,159,1
180,177,132,2
0,191,1,2
19,16,2,2
171,170,120,2
33,34,8,2
88,96,149,1
169,170,120,2
182,179,135,2
180,178,137,2
193,191,151,2
158,158,104,2
162,159,114,2
99,148,218,1
124,130,95,2
152,153,103,2
195,193,153,2
159,89,159,2
150,152,100,2
66,89,137,1
250,252,253,2
129,173,114,2
199,197,162,2
172,180,133,2
107,106,48,2
133,164,217,1
69,167,143,2
60,59,15,2
201,200,162,2
136,138,79,2
90,81,47,2
163,162,112,2
182,178,137,2
180,177,132,2
48,92,146,1
210,168,215,2
37,94,149,1
170,166,117,2
173,172,122,2
54,52,41,2
68,71,22,2
55,60,21,2
150,188,253,1
23,18,3,2
197,194,156,2
168,185,234,1
162,160,112,2
51,116,184,1
140,179,224,1
135,138,93,2
109,123,176,1
103,153,219,1
20,16,5,2
177,177,129,2
55,60,21,2
177,178,144,2
168,166,112,2
15,14,0,2
190,94,130,2
50,51,17,2
170,170,124,2
136,177,226,1
201,200,162,2
99,201,196,2
96,142,219,1
113,147,201,1
72,60,210,2
156,170,222,1
192,191,153,2
10,11,1,2
155,154,98,2
220,183,79,2
181,180,136,2
70,73,34,2
41,0,145,2
174,174,126,2
100,147,221,1
223,206,197,2
164,163,112,2
153,191,255,1
1,2,0,2
158,161,115,2
47,104,149,1
79,90,134,1
174,176,130,2
155,65,160,2
152,162,222,1
182,180,132,2
229,200,223,2
116,115,64,2
87,33,10,2
129,160,229,1
171,172,130,2
177,170,131,2
203,201,161,2
155,194,255,1
148,188,253,1
149,152,103,2
114,114,114,2
182,179,135,2
193,193,153,2
255,254,255,2
184,181,136,2
178,175,131,2
181,177,136,2
15,14,4,2
5,6,4,2
103,102,46,2
139,179,227,1
231,241,248,2
170,173,128,2
39,94,139,1
204,202,168,2
56,61,22,2
62,66,24,2
110,109,51,2
181,178,134,2
73,74,32,2
175,174,123,2
97,134,192,1
71,67,49,2
92,143,223,1
158,161,122,2
164,163,113,2
98,93,154,2
71,74,29,2
175,175,135,2
72,75,26,2
165,164,114,2
177,171,128,2
104,103,47,2
21,18,3,2
35,34,8,2
7,0,164,2
69,71,29,2
154,157,108,2
182,179,135,2
22,42,159,2
181,181,133,2
81,88,131,1
72,130,195,1
1,145,247,2
193,192,154,2
142,176,229,1
89,92,42,2
201,200,162,2
164,163,112,2
48,90,135,1
107,155,227,1
101,112,170,1
156,167,117,2
172,169,124,2
178,178,132,2
156,173,216,1
151,154,105,2
171,170,119,2
56,57,23,2
103,104,72,2
80,87,126,1
32,221,254,2
175,173,125,2
135,137,101,2
134,132,78,2
184,183,139,2
150,163,155,2
142,141,85,2
178,176,128,2
181,178,134,2
174,170,122,2
55,56,22,2
164,163,113,2
117,116,58,2
53,57,22,2
58,100,145,1
5,4,0,2
136,139,90,2
63,64,20,2
237,197,162,2
154,154,108,2
55,105,157,1
54,96,143,1
54,96,73,2
191,189,155,2
23,21,0,2
166,163,112,2
181,181,133,2
53,73,131,1
137,138,88,2
55,54,26,2
53,54,20,2
203,211,251,1
142,141,85,2
141,142,92,2
199,198,160,2
194,191,153,2
179,177,129,2
86,130,213,1
137,139,103,2
40,87,139,1
164,162,114,2
170,168,120,2
34,35,33,2
171,169,121,2
113,151,215,1
64,62,21,2
166,168,179,2
39,40,6,2
57,59,23,2
139,142,147,2
158,157,101,2
76,76,40,2
91,133,210,1
178,175,131,2
175,173,132,2
55,56,16,2
157,112,91,2
160,164,129,2
167,163,114,2
0,1,79,2
168,169,143,2
93,98,147,1
138,139,89,2
102,152,218,1
48,105,160,1
150,151,101,2
112,151,219,1
153,154,110,2
172,170,122,2
166,177,235,1
119,117,82,2
0,1,0,2
142,154,218,1
71,74,29,2
149,185,255,1
8,8,8,2
181,179,131,2
0,81,232,2
24,23,13,2
0,156,248,2
163,162,112,2
185,183,135,2
205,203,169,2
104,153,221,1
176,174,126,2
151,154,105,2
92,90,36,2
55,113,172,1
119,118,62,2
173,172,122,2
197,207,254,1
22,32,19,2
80,83,28,2
235,191,154,2
74,163,77,2
119,72,10,2
61,62,20,2
142,139,88,2
98,145,219,1
52,51,17,2
246,142,167,2
180,179,135,2
50,51,17,2
73,74,18,2
134,138,89,2
183,180,136,2
161,165,123,2
141,144,95,2
136,137,93,2
48,102,163,1
174,169,124,2
114,151,209,1
198,120,173,2
182,182,136,2
148,190,249,1
102,105,79,2
155,158,113,2
248,250,250,2
201,200,162,2
197,196,158,2
240,221,216,2
143,183,248,1
55,56,22,2
255,128,0,2
9,18,5,2
255,0,255,2
25,22,7,2
216,220,221,2
113,215,210,2
204,202,161,2
29,56,30,2
72,46,206,2
123,126,181,1
149,192,249,1
165,164,114,2
174,172,124,2
181,181,135,2
100,95,156,2
54,109,166,1
146,145,87,2
97,99,57,2
172,170,122,2
12,12,0,2
53,76,138,1
23,19,0,2
158,165,132,2
19,18,228,2
198,198,158,2
182,179,135,2
99,91,156,2
49,44,35,2
173,187,236,1
40,41,31,2
170,169,135,2
76,79,30,2
41,157,87,2
170,170,130,2
60,63,24,2
187,187,147,2
154,192,255,1
178,176,128,2
195,194,156,2
151,189,253,1
12,13,9,2
38,40,11,2
45,21,205,2
184,179,134,2
149,149,101,2
86,84,30,2
114,161,229,1
19,55,31,2
177,192,238,1
65,67,31,2
84,40,253,2
255,0,255,2
128,129,79,2
201,199,165,2
156,158,112,2
4,4,0,2
145,183,247,1
79,87,127,1
198,198,158,2
171,169,121,2
64,63,42,2
180,179,135,2
52,52,52,2
167,166,116,2
139,102,82,2
46,90,137,1
55,61,20,2
159,164,132,2
133,158,214,1
97,147,223,1
52,104,151,1
139,142,87,2
167,163,114,2
195,194,156,2
195,194,156,2
100,123,155,1
77,50,207,2
49,51,32,2
184,183,149,2
179,180,138,2
157,159,117,2
181,178,134,2
200,211,255,1
208,210,204,2
176,175,131,2
43,94,157,1
119,154,218,1
237,225,221,2
171,171,125,2
200,198,163,2
63,68,23,2
89,88,32,2
165,167,121,2
99,145,222,1
125,132,87,2
35,34,8,2
212,193,188,2
174,172,124,2
198,197,159,2
234,156,149,2
164,171,228,1
35,34,8,2
165,162,111,2
159,163,121,2
186,186,146,2
22,31,142,2
10,7,2,2
201,199,164,2
182,181,137,2
123,67,140,2
171,170,120,2
191,189,149,2
70,67,22,2
53,57,22,2
165,161,112,2
141,145,96,2
199,197,163,2
158,193,255,1
150,190,255,1
167,163,122,2
8,6,6,2
149,148,97,2
50,70,125,1
169,164,115,2
170,168,120,2
89,87,33,2
60,59,31,2
69,71,25,2
204,203,169,2
116,122,75,2
44,44,30,2
179,176,131,2
71,82,120,1
56,61,22,2
140,165,229,1
170,185,234,1
178,176,128,2
112,112,58,2
81,53,207,2
163,178,227,1
2,0,0,2
60,124,189,1
165,165,117,2
235,216,81,2
164,163,112,2
55,40,222,2
120,160,213,1
158,162,126,2
34,35,9,2
141,144,95,2
121,151,102,2
83,92,130,1
54,55,21,2
114,152,210,1
182,181,137,2
154,158,122,2
178,175,131,2
200,199,161,2
83,85,33,2
44,45,6,2
138,140,88,2
227,228,232,2
148,151,102,2
0,140,107,2
61,62,28,2
5,5,0,2
98,102,155,1
183,181,140,2
52,53,19,2
81,90,128,1
34,32,8,2
60,64,22,2
134,133,77,2
169,182,238,1
138,139,89,2
141,140,84,2
5,3,3,2
56,54,44,2
175,173,125,2
155,158,119,2
22,22,8,2
180,179,135,2
164,163,113,2
130,132,173,2
49,100,150,1
46,101,152,1
64,128,192,1
85,94,132,1
182,179,135,2
171,163,123,2
101,77,243,2
134,167,223,1
187,185,137,2
46,165,86,2
120,154,123,2
152,179,223,1
149,187,251,1
109,211,206,2
180,178,137,2
47,106,162,1
183,178,133,2
173,168,123,2
107,110,165,1
120,156,226,1
153,156,110,2
23,17,4,2
140,138,84,2
182,180,132,2
146,142,93,2
125,0,128,2
255,255,255,2
14,13,9,2
55,56,24,2
12,9,5,2
100,79,57,2
187,186,136,2
251,255,184,2
123,112,80,2
64,66,24,2
20,17,2,2
152,156,115,2
148,188,253,1
54,55,21,2
56,59,20,2
199,198,160,2
181,182,143,2
189,188,154,2
182,179,134,2
56,90,36,2
179,177,129,2
208,216,255,1
157,157,121,2
53,54,15,2
56,56,16,2
116,157,212,1
4,3,0,2
160,169,232,1
81,78,50,2
93,29,18,2
122,155,224,1
61,65,24,2
188,189,145,2
237,194,161,2
196,195,157,2
52,54,12,2
183,183,137,2
141,140,82,2
181,181,135,2
138,140,88,2
77,88,126,1
10,9,5,2
103,104,60,2
100,143,224,1
181,178,133,2
156,157,113,2
142,178,232,1
156,194,252,1
207,217,211,2
159,163,128,2
182,179,135,2
139,142,93,2
66,65,21,2
161,159,111,2
12,10,2,2
179,179,131,2
198,196,162,2
116,115,57,2
182,181,137,2
28,29,3,2
227,213,83,2
172,171,120,2
203,202,211,2
160,162,126,2
0,188,0,2
163,165,119,2
76,76,28,2
203,202,168,2
76,80,38,2
133,133,139,2
180,179,135,2
36,35,7,2
69,71,25,2
130,86,93,2
110,229,251,2
199,197,162,2
179,186,201,2
140,143,98,2
178,175,131,2
158,176,237,1
172,171,121,2
47,71,125,1
10,6,5,2
123,126,81,2
15,9,2,2
191,207,250,1
202,186,173,2
124,137,243,2
162,160,112,2
208,213,222,2
62,108,166,1
150,95,218,2
155,68,154,2
30,29,3,2
187,188,146,2
198,198,158,2
0,21,153,2
50,96,144,1
122,163,226,1
90,135,216,1
175,175,127,2
53,57,22,2
14,24,1,2
200,198,163,2
8,8,2,2
35,37,8,2
132,137,98,2
149,173,233,1
180,177,132,2
0,255,255,2
35,34,8,2
182,179,124,2
120,61,51,2
146,148,96,2
177,171,128,2
15,14,0,2
34,33,5,2
52,54,24,2
100,100,46,2
154,152,98,2
4,4,0,2
181,182,143,2
180,180,132,2
29,53,35,2
201,199,164,2
89,136,210,1
4,4,0,2
202,201,163,2
11,6,7,2
170,143,123,2
152,151,93,2
151,171,22,2
135,138,93,2
90,89,39,2
150,151,101,2
51,102,164,1
91,92,42,2
205,204,170,2
169,167,119,2
63,65,23,2
171,170,120,2
59,62,23,2
35,36,10,2
121,158,216,1
32,33,7,2
179,176,131,2
108,211,206,2
158,162,126,2
180,177,132,2
132,134,92,2
116,119,80,2
133,145,149,2
75,84,127,1
104,94,94,2
176,176,130,2
171,185,238,1
48,101,164,1
127,164,224,1
165,89,160,2
52,47,240,2
154,190,254,1
167,163,115,2
150,168,221,1
101,143,202,1
0,0,4,2
157,161,125,2
169,165,116,2
110,55,70,2
179,177,129,2
67,72,21,2
157,73,138,2
158,195,255,1
183,184,142,2
228,155,87,2
198,198,158,2
52,53,19,2
200,210,250,1
171,170,120,2
201,200,162,2
199,197,162,2
211,195,182,2
93,137,208,1
170,170,124,2
56,61,22,2
160,157,106,2
188,185,147,2
165,164,114,2
111,110,52,2
182,180,132,2
149,122,102,2
136,139,90,2
172,168,120,2
223,211,207,2
239,245,250,2
144,188,251,1
192,190,150,2
153,193,255,1
200,210,250,1
142,182,247,1
89,91,71,2
73,71,31,2
171,169,121,2
86,113,164,1
131,154,56,2
182,179,135,2
53,57,22,2
96,145,219,1
138,138,90,2
28,96,173,2
112,143,168,1
143,141,83,2
136,139,90,2
157,161,125,2
3,2,0,2
184,179,134,2
157,160,121,2
128,169,224,1
170,169,119,2
180,178,137,2
127,166,218,1
134,146,152,2
14,11,0,2
89,84,35,2
131,176,243,1
98,154,225,1
21,57,40,2
204,202,168,2
177,175,127,2
128,255,0,2
96,144,222,1
201,200,162,2
201,199,164,2
178,176,128,2
187,185,144,2
53,52,18,2
2,2,0,2
179,168,118,2
3,1,185,2
71,74,25,2
146,164,229,1
166,166,118,2
173,168,119,2
166,180,233,1
154,158,106,2
193,192,154,2
174,172,124,2
202,200,165,2
105,208,203,2
143,141,200,1
72,73,34,2
129,161,227,1
186,187,145,2
168,168,120,2
54,56,20,2
52,57,18,2
88,136,214,1
118,150,215,1
179,176,132,2
47,33,169,2
142,141,90,2
89,27,16,2
99,103,152,1
152,190,254,1
202,200,165,2
40,62,114,1
173,172,121,2
14,14,2,2
53,58,19,2
161,157,109,2
143,161,224,1
158,161,122,2
170,184,226,1
182,179,134,2
185,183,142,2
182,176,133,2
102,140,194,1
41,42,40,2
178,175,131,2
131,170,222,1
21,48,22,2
135,137,101,2
186,187,145,2
20,17,3,2
93,96,80,2
177,174,129,2
154,167,235,1
168,183,239,1
10,8,8,2
82,118,188,1
167,182,231,1
179,176,132,2
85,88,33,2
140,139,83,2
181,181,141,2
134,178,239,1
33,52,37,2
146,148,96,2
13,13,1,2
204,203,169,2
172,171,121,2
173,171,123,2
186,186,146,2
62,62,22,2
177,162,143,2
253,251,250,2
128,167,219,1
2,0,0,2
199,197,162,2
147,146,90,2
84,115,184,1
181,178,134,2
173,172,122,2
54,57,35,2
156,162,105,2
143,145,93,2
163,162,111,2
179,183,131,2
94,92,38,2
238,226,222,2
75,77,31,2
127,162,226,1
163,162,112,2
179,176,132,2
164,158,111,2
132,92,193,2
53,54,20,2
167,163,114,2
173,169,121,2
179,177,129,2
43,46,44,2
175,173,125,2
160,163,124,2
147,147,87,2
140,143,94,2
110,102,95,2
136,139,90,2
142,143,93,2
95,137,196,1
176,174,126,2
255,0,255,2
206,204,174,2
180,180,132,2
92,138,215,1
180,168,132,2
173,99,157,2
127,127,127,2
175,190,236,1
52,52,16,2
177,175,127,2
78,87,125,1
208,215,254,1
159,162,123,2
243,112,72,2
66,67,27,2
62,126,191,1
112,227,247,2
192,192,152,2
69,117,183,1
179,179,131,2
145,141,92,2
57,103,157,1
53,50,36,2
177,196,234,1
162,182,237,1
157,161,125,2
173,173,127,2
113,144,205,1
157,160,128,2
199,199,159,2
165,163,123,2
149,147,89,2
228,212,206,2
179,179,133,2
184,183,139,2
182,180,132,2
178,178,132,2
33,35,6,2
135,138,92,2
119,156,218,1
94,197,224,2
197,197,157,2
50,51,17,2
165,161,112,2
164,162,114,2
142,141,85,2
169,166,115,2
156,160,125,2
181,178,134,2
69,72,27,2
128,128,128,2
82,83,33,2
201,199,164,2
148,151,102,2
77,116,190,1
117,120,175,1
170,164,121,2
156,175,220,1
112,153,216,1
157,156,106,2
176,185,194,2
115,147,213,1
200,123,66,2
40,41,7,2
9,44,24,2
182,178,130,2
125,155,226,1
200,198,163,2
163,161,113,2
60,100,152,1
176,182,105,2
142,141,85,2
159,160,128,2
104,102,48,2
54,54,54,2
171,188,231,1
141,144,95,2
201,200,162,2
67,69,23,2
201,199,164,2
0,0,0,2
46,90,137,1
6,170,252,2
128,131,86,2
168,168,120,2
0,0,1,2
172,186,239,1
169,183,235,1
178,176,128,2
128,135,190,1
191,190,152,2
205,204,170,2
4,0,72,2
183,180,135,2
201,200,162,2
171,170,120,2
184,183,139,2
197,197,157,2
54,55,21,2
116,117,67,2
127,133,86,2
200,198,163,2
91,91,37,2
164,162,114,2
143,186,249,1
162,161,111,2
141,144,99,2
151,151,103,2
76,70,47,2
179,176,132,2
146,164,229,1
15,14,0,2
182,179,135,2
17,14,0,2
183,183,137,2
87,87,51,2
35,83,57,2
118,153,221,1
182,179,134,2
106,227,247,2
202,200,165,2
74,75,33,2
91,126,194,1
180,181,142,2
228,110,99,2
43,99,148,1
178,179,137,2
49,91,138,1
111,113,61,2
172,168,119,2
197,195,160,2
158,162,126,2
73,71,47,2
134,174,227,1
199,197,162,2
144,146,211,2
54,56,26,2
124,88,12,2
64,124,184,1
9,13,8,2
187,185,145,2
165,161,112,2
119,118,60,2
37,40,8,2
135,161,227,1
179,176,131,2
218,215,217,2
11,8,0,2
91,90,92,2
178,175,130,2
202,209,255,1
165,162,111,2
109,149,208,1
184,183,139,2
57,58,16,2
65,66,26,2
17,18,2,2
153,154,104,2
139,139,85,2
142,141,85,2
75,76,34,2
196,194,163,2
142,140,86,2
140,140,86,2
69,120,182,1
195,191,156,2
197,198,164,2
35,34,8,2
126,166,219,1
138,141,96,2
144,146,94,2
151,192,255,1
147,145,91,2
40,38,7,2
47,101,156,1
172,171,121,2
178,175,131,2
4,55,35,2
171,168,123,2
53,67,120,1
54,55,21,2
121,120,64,2
10,4,169,2
195,196,157,2
33,34,8,2
54,55,21,2
62,92,151,1
174,167,112,2
132,179,235,2
129,129,183,1
37,38,36,2
170,169,119,2
64,65,23,2
55,102,158,1
26,27,18,2
138,141,92,2
174,189,235,1
99,152,225,1
148,192,253,1
178,178,132,2
46,99,255,2
1,168,195,2
58,61,22,2
26,39,25,2
175,174,124,2
68,70,24,2
0,0,255,2
160,179,224,1
92,10,0,2
193,192,154,2
165,164,114,2
132,135,86,2
119,125,178,1
111,114,65,2
197,196,158,2
135,132,81,2
21,36,15,2
78,90,130,1
192,190,150,2
21,22,0,2
158,155,110,2
136,139,90,2
174,173,123,2
205,215,255,1
157,153,105,2
230,86,68,2
45,46,12,2
186,187,145,2
151,191,255,1
22,42,30,2
40,41,39,2
51,116,185,1
180,180,134,2
163,161,107,2
176,175,131,2
136,138,92,2
174,174,126,2
28,22,9,2
171,170,120,2
0,1,2,2
35,36,10,2
90,85,146,2
73,109,179,1
149,151,105,2
149,171,23,2
143,146,97,2
130,169,221,1
172,171,121,2
164,150,138,2
173,171,123,2
206,205,171,2
172,168,119,2
72,74,28,2
59,116,172,1
181,175,134,2
192,192,152,2
79,85,26,2
155,157,115,2
180,180,132,2
6,2,7,2
164,162,114,2
117,152,225,1
165,164,114,2
81,81,27,2
157,163,122,2
147,189,254,1
55,54,10,2
139,139,85,2
121,122,72,2
165,164,114,2
174,171,126,2
63,68,23,2
188,189,150,2
57,101,154,1
88,128,181,1
100,104,157,1
159,163,128,2
106,120,232,2
115,118,173,1
163,161,113,2
0,1,0,2
158,166,136,2
49,107,159,1
140,140,86,2
199,227,197,2
164,162,114,2
50,51,49,2
83,83,35,2
1,133,103,2
179,177,129,2
174,143,98,2
180,180,134,2
150,152,100,2
60,121,187,1
17,20,0,2
16,15,1,2
32,33,7,2
169,169,121,2
43,37,24,2
222,206,200,2
50,92,135,1
51,52,18,2
198,198,158,2
96,143,224,1
186,185,141,2
53,54,20,2
124,83,88,2
199,197,163,2
120,153,222,1
54,55,21,2
24,25,15,2
198,196,161,2
170,171,131,2
142,182,247,1
94,140,217,1
174,165,115,2
135,135,135,2
74,77,28,2
184,184,138,2
198,197,159,2
52,56,20,2
121,160,212,1
60,59,45,2
